0.36808693408966064,0.9103894233703613,-0.1291661560535431,795348928.0,489853056.0,492489152.0,194525216.0
0.3696740269660949,0.919423758983612,-0.1244048327207565,663999232.0,268669216.0,640632064.0,478992640.0
0.3707728087902069,0.9064826965332032,-0.117812231183052,429139968.0,1423761.0,694984640.0,696961088.0
0.3710169792175293,0.9101452827453612,-0.1248931735754013,135575072.0,-259766208.0,645241984.0,806675392.0
0.3722378313541412,0.9160053730010986,-0.1109754592180252,-177912176.0,-482918848.0,500777440.0,798298240.0
0.3708948791027069,0.9266268014907836,-0.0985227674245834,-465237120.0,-635135616.0,282943104.0,673068992.0
0.3677206635475158,0.9343181252479552,-0.1002319604158401,-684533120.0,-694250688.0,23526534.0,449219776.0
0.3694298565387726,0.9343181252479552,-0.1059699654579162,-803499776.0,-651608256.0,-239284160.0,159560048.0
0.3739470243453979,0.9230862855911256,-0.1104871183633804,-804748288.0,-513507840.0,-466984480.0,-153417440.0
0.3744353652000427,0.9290685057640076,-0.1161030381917953,-684003456.0,-294199008.0,-629162432.0,-450180320.0
0.3690636157989502,0.9266268014907836,-0.1005982160568237,-464467680.0,-36140680.0,-694226816.0,-673746432.0
0.3627151846885681,0.9200341701507568,-0.1087779253721237,-176882496.0,227250736.0,-657669312.0,-798412352.0
0.36405810713768,0.9147844910621644,-0.1283115595579147,136783072.0,457386560.0,-524951424.0,-805875584.0
0.3641802072525024,0.925894260406494,-0.1179343163967132,430363840.0,620352448.0,-315325440.0,-695299328.0
0.3633255958557129,0.923940896987915,-0.1042607724666595,660870016.0,692371456.0,-59261476.0,-482992864.0
0.3627151846885681,0.9200341701507568,-0.1025515794754028,796076928.0,661208512.0,211637488.0,-192862512.0
0.3596630394458771,0.906604826450348,-0.1173238903284072,810098496.0,533263296.0,444959296.0,119596936.0
0.3618605732917785,0.9298009872436525,-0.1224514693021774,705559744.0,327400320.0,613088832.0,414774752.0
0.3706507086753845,0.9500671625137328,-0.1256256848573684,497769728.0,73608584.0,691227520.0,649563776.0
0.3756562173366546,0.958368957042694,-0.1229398101568222,217143824.0,-191083072.0,667865536.0,789438336.0
0.3784641623497009,0.9296789169311525,-0.1209864467382431,-95204328.0,-427981824.0,546433600.0,813694976.0
0.3746795356273651,0.9094127416610718,-0.117812231183052,-393427616.0,-602321728.0,344881760.0,718610688.0
0.3762666285037994,0.9216212630271912,-0.1223293840885162,-638646784.0,-689296832.0,86405872.0,512304288.0
0.3738249242305755,0.94579416513443,-0.1117079704999923,-783892992.0,-671960064.0,-178845600.0,234344288.0
0.3700402975082397,0.9274813532829284,-0.1176901459693908,-814198208.0,-556086976.0,-417985088.0,-77836744.0
0.3645464479923248,0.9332193732261658,-0.1169576346874237,-725170752.0,-358592480.0,-595886528.0,-378654944.0
0.3645464479923248,0.9334635734558104,-0.1152484416961669,-529835328.0,-108562520.0,-686372544.0,-623941440.0
0.365278959274292,0.930655598640442,-0.1324624568223953,-256648320.0,157349936.0,-676395648.0,-777678016.0
0.3657673001289367,0.9290685057640076,-0.1118300557136535,54016584.0,400161088.0,-567057152.0,-817509056.0
0.3662556409835815,0.917592465877533,-0.1139055043458938,363265824.0,587990464.0,-368962720.0,-734229696.0
0.3658894002437591,0.9246734380722046,-0.1298986673355102,611962176.0,684402176.0,-120943312.0,-543498112.0
0.3644243776798248,0.9271151423454284,-0.1163472086191177,771005376.0,680334848.0,144836336.0,-273201728.0
0.3632035255432129,0.9070931673049928,-0.1172018051147461,816841792.0,576698240.0,389539552.0,37001080.0
0.3579538464546203,0.8907337188720703,-0.1062141358852386,743068864.0,388419840.0,577297024.0,341508960.0
0.3627151846885681,0.908558189868927,-0.1186668276786804,560185472.0,143582208.0,680537856.0,596125952.0
0.3689415156841278,0.9268709421157836,-0.1164692938327789,295287360.0,-122034928.0,683992896.0,763536576.0
0.3729703426361084,0.9269930124282836,-0.1307532638311386,-20375970.0,-375495520.0,583746432.0,818993024.0
0.3749237060546875,0.9384690523147584,-0.1220852136611938,-326253216.0,-567294656.0,399129856.0,751899264.0
0.375900387763977,0.9229642152786256,-0.127212792634964,-584387520.0,-676065984.0,155810032.0,574517888.0
0.3762666285037994,0.9140520095825196,-0.1283115595579147,-756775040.0,-685642496.0,-110415312.0,312914976.0
0.3745574355125427,0.900012195110321,-0.1168355494737625,-818131200.0,-594576832.0,-360596352.0,5612409.0
0.3735807538032532,0.904163122177124,-0.1106092035770416,-759531968.0,-416226944.0,-557905920.0,-302537408.0
0.3710169792175293,0.906848967075348,-0.1089000105857849,-584408832.0,-170354880.0,-675052736.0,-571551296.0
0.3732145130634308,0.9077035784721376,-0.1107312887907028,-326213248.0,95040496.0,-689363712.0,-749834240.0
0.3723599016666412,0.9046514630317688,-0.1141496747732162,-20206342.0,346489248.0,-602654656.0,-818086656.0
0.3746795356273651,0.9099010825157166,-0.1185447424650192,288715840.0,547037888.0,-427773152.0,-766370880.0
0.3734586834907532,0.9100232124328612,-0.129776582121849,555344064.0,667552960.0,-190313072.0,-602219584.0
0.3748016059398651,0.91319739818573,-0.1269686222076416,740638016.0,690194368.0,75084424.0,-349815520.0
0.3744353652000427,0.9103894233703612,-0.1256256848573684,817360704.0,611677888.0,329481344.0,-46208896.0
0.3773654103279114,0.9141740798950196,-0.1342937350273132,771752320.0,438521280.0,539856768.0,271244704.0
0.3805396258831024,0.9138078093528748,-0.1325845420360565,612460672.0,204360080.0,665338944.0,541640576.0
0.3794408440589905,0.9116103053092957,-0.1258698552846908,363514720.0,-59789744.0,693232192.0,732552320.0
0.3799291849136352,0.9223538041114808,-0.1207422763109207,61220956.0,-315176736.0,619449728.0,816161280.0
0.3805396258831024,0.9246734380722046,-0.1150042712688446,-249955632.0,-524264704.0,454875328.0,780178624.0
0.3796850144863128,0.9205225110054016,-0.125381514430046,-524521856.0,-656589760.0,223763616.0,629776192.0
0.3793187737464905,0.9208887815475464,-0.1318520307540893,-722248000.0,-692754944.0,-40065120.0,386994528.0
0.3755341172218323,0.9228421449661256,-0.1217189580202102,-814911040.0,-624449472.0,-304076928.0,80259616.0
0.3705286383628845,0.921743392944336,-0.1179343163967132,-784640192.0,-465127200.0,-516935328.0,-231723648.0
0.3693077862262726,0.9206445813179016,-0.1280673891305923,-639257472.0,-237654288.0,-654123328.0,-509818080.0
0.3696740269660949,0.923940896987915,-0.1191551685333252,-400224576.0,24720098.0,-695321408.0,-713203264.0
0.3662556409835815,0.922109603881836,-0.1273348778486251,-102514864.0,283550464.0,-634665344.0,-811918208.0
0.36393603682518,0.9232084155082704,-0.1236723214387893,210179520.0,500821312.0,-480911296.0,-791611264.0
0.3643022775650024,0.9139299392700196,-0.1172018051147461,497825088.0,647159040.0,-250314704.0,-650860544.0
0.365278959274292,0.9095348715782166,-0.1129288226366043,705314816.0,694134336.0,12126089.0,-416512896.0
0.3657673001289367,0.9123427867889404,-0.1141496747732162,809390400.0,639359232.0,272665504.0,-121169016.0
0.3660114705562591,0.9146624207496644,-0.1046270281076431,794947072.0,490743936.0,493268608.0,191930048.0
0.3669881522655487,0.9134415984153748,-0.1056037098169326,663986624.0,270200032.0,641593472.0,476857440.0
0.3693077862262726,0.9171041250228882,-0.1103650331497192,435682560.0,10180075.0,695896704.0,691900544.0
0.372726172208786,0.921987533569336,-0.1168355494737625,143399152.0,-251299328.0,648268096.0,805577600.0
0.3757782876491546,0.925894260406494,-0.1220852136611938,-177100704.0,-480742112.0,501081696.0,799600512.0
0.3744353652000427,0.923818826675415,-0.1168355494737625,-464378080.0,-633612608.0,282993312.0,675073600.0
0.3754120469093323,0.9199120998382568,-0.1164692938327789,-683566208.0,-693624704.0,23455256.0,451656256.0
0.3745574355125427,0.9229642152786256,-0.1169576346874237,-802612736.0,-652021568.0,-239475568.0,162029696.0
0.3735807538032532,0.9291905760765076,-0.1131729930639267,-804101312.0,-514820128.0,-467320352.0,-151375248.0
0.3740690946578979,0.9233304858207704,-0.1129288226366043,-687786624.0,-302143104.0,-626681216.0,-442550816.0
0.3711390495300293,0.9268709421157836,-0.1124404817819595,-470732960.0,-45227460.0,-694212608.0,-668846272.0
0.3705286383628845,0.9317543506622314,-0.1186668276786804,-177404912.0,224605424.0,-657976768.0,-798791616.0
0.3729703426361084,0.9245513081550598,-0.118422657251358,135892688.0,454904128.0,-525069120.0,-807353280.0
0.3748016059398651,0.922109603881836,-0.1300207525491714,429358176.0,618635200.0,-315301888.0,-697458432.0
0.3710169792175293,0.925650119781494,-0.1251373440027237,659867008.0,691647488.0,-59317856.0,-485388736.0
0.3657673001289367,0.919667899608612,-0.117812231183052,793647040.0,663246464.0,205509456.0,-202276624.0
0.3655231297016144,0.9140520095825196,-0.110853374004364,811156800.0,537548416.0,440227616.0,110396904.0
0.3697961270809173,0.9199120998382568,-0.1275790482759475,709594816.0,333318016.0,610411520.0,407054752.0
0.3722378313541412,0.9273592829704284,-0.1273348778486251,498198016.0,73649560.0,691804800.0,648615488.0
0.3718715608119964,0.9169820547103882,-0.1206201910972595,217490272.0,-191037568.0,668719360.0,788630784.0
0.3735807538032532,0.9119765758514404,-0.1220852136611938,-95082776.0,-427772256.0,547641664.0,813006976.0
0.3741911947727203,0.9152728319168092,-0.1261140257120132,-393710880.0,-601793600.0,346455168.0,718140992.0
0.3696740269660949,0.9182028770446776,-0.1175680607557296,-634616320.0,-687619584.0,94446464.0,518114688.0
0.3673544228076935,0.9139299392700196,-0.1129288226366043,-782480192.0,-672726400.0,-171404192.0,242293136.0
0.3710169792175293,0.876083493232727,-0.1129288226366043,-814747904.0,-555790592.0,-417633792.0,-76066976.0
0.3644243776798248,0.8907337188720703,-0.1291661560535431,-725217664.0,-359910368.0,-596537984.0,-376281536.0
0.3682090044021606,0.9329752326011658,-0.1231839805841445,-529686368.0,-111604744.0,-687978560.0,-621758592.0
0.3735807538032532,0.9555609822273254,-0.1246490031480789,-256738368.0,153130112.0,-678454848.0,-776696256.0
0.3773654103279114,0.9526309370994568,-0.1275790482759475,53834620.0,395644960.0,-569223488.0,-818213312.0
0.3817604780197143,0.9334635734558104,-0.1248931735754013,356508032.0,580197056.0,-376329728.0,-739980288.0
0.3767549693584442,0.9134415984153748,-0.1300207525491714,606769792.0,679874432.0,-128276352.0,-553234048.0
0.377121239900589,0.906848967075348,-0.1350262463092804,770544320.0,678694720.0,145153088.0,-278364832.0
0.3788304328918457,0.91295325756073,-0.1217189580202102,816463808.0,576746304.0,390706624.0,31943656.0
0.3745574355125427,0.9034305810928344,-0.1239164918661117,742619520.0,390092416.0,579106816.0,337492128.0
0.3740690946578979,0.8957391977310181,-0.1203760206699371,559924416.0,146155424.0,682597504.0,593384704.0
0.3701623678207397,0.9014772176742554,-0.1173238903284072,295110624.0,-119137968.0,686089728.0,762179904.0
0.3696740269660949,0.9146624207496644,-0.1274569630622863,-13013451.0,-366797984.0,589252928.0,819141248.0
0.3717494904994964,0.9243071675300598,-0.1269686222076416,-319195680.0,-560567616.0,406219328.0,756164928.0
0.3724820017814636,0.9249175786972046,-0.1255035996437072,-583849408.0,-673817280.0,157177216.0,577327424.0
0.3733365833759308,0.9245513081550598,-0.127212792634964,-756237120.0,-684682752.0,-109277672.0,316693568.0
0.3743132650852203,0.919545829296112,-0.137345865368843,-817886720.0,-595334144.0,-359819232.0,9493780.0
0.3755341172218323,0.919545829296112,-0.1439384669065475,-759624960.0,-418688768.0,-557709184.0,-299251680.0
0.372726172208786,0.9201562404632568,-0.139177143573761,-590045760.0,-180589888.0,-673813888.0,-564029824.0
0.3695519566535949,0.9158833026885986,-0.1302649229764938,-334036928.0,84159784.0,-691131456.0,-746053120.0
0.3695519566535949,0.9162495136260986,-0.1261140257120132,-21774372.0,342364320.0,-603867904.0,-818888000.0
0.3710169792175293,0.9230862855911256,-0.1360029280185699,287089856.0,543791296.0,-429294912.0,-768438528.0
0.3718715608119964,0.9251617789268494,-0.1298986673355102,553856640.0,665411008.0,-191843440.0,-605465664.0
0.3696740269660949,0.9200341701507568,-0.1286778151988983,739489472.0,689524480.0,73766752.0,-353823808.0
0.3730924129486084,0.9233304858207704,-0.1270907074213028,816858304.0,612537408.0,328534592.0,-50269552.0
0.3738249242305755,0.9278476238250732,-0.1286778151988983,774528384.0,445743648.0,535114368.0,260753616.0
0.3762666285037994,0.9225979447364808,-0.1290440708398819,618703360.0,213498976.0,663215360.0,533564640.0
0.3754120469093323,0.908558189868927,-0.1251373440027237,365647232.0,-56879120.0,693589696.0,731383424.0
0.3739470243453979,0.915394961833954,-0.1269686222076416,63718100.0,-312426080.0,620539392.0,816199936.0
0.3755341172218323,0.9190574884414672,-0.1295324116945266,-247578480.0,-522150848.0,456598208.0,781346880.0
0.376022458076477,0.9168599843978882,-0.1274569630622863,-522556256.0,-655339712.0,225744592.0,632001344.0
0.3719936609268188,0.9127090573310852,-0.1308753490447998,-720886016.0,-692556160.0,-38158052.0,390070176.0
0.3707728087902069,0.9199120998382568,-0.1208643615245819,-813706496.0,-628175168.0,-296515456.0,90982336.0
0.3719936609268188,0.91307532787323,-0.1240385770797729,-787289024.0,-471721792.0,-511428480.0,-221397696.0
0.3768770694732666,0.9210108518600464,-0.1298986673355102,-640888768.0,-239923728.0,-653696640.0,-507247872.0
0.3768770694732666,0.9164937138557434,-0.1322182863950729,-402434528.0,22103272.0,-695804224.0,-711572800.0
0.3766328990459442,0.9090465307235718,-0.1357587575912475,-105035176.0,280911328.0,-636037056.0,-811439936.0
0.3774874806404114,0.9111219644546508,-0.1330728828907013,207752288.0,498554624.0,-483101984.0,-792348544.0
0.3795629441738128,0.922109603881836,-0.1356366723775863,490190336.0,643093056.0,-259446960.0,-657079552.0
0.3767549693584442,0.925894260406494,-0.1345379054546356,700774784.0,693344448.0,2215500.0,-425564064.0
0.3768770694732666,0.9204004406929016,-0.1367354393005371,808657472.0,642007232.0,263606976.0,-131653656.0
0.377121239900589,0.9167378544807434,-0.1300207525491714,796370048.0,491811616.0,491167584.0,188658320.0
0.3755341172218323,0.919301688671112,-0.1294103264808654,666079744.0,272189856.0,640637312.0,474084192.0
0.3743132650852203,0.9168599843978882,-0.1307532638311386,438106880.0,12605165.0,696234688.0,689987136.0
0.3711390495300293,0.910755693912506,-0.1275790482759475,145979280.0,-248905824.0,649760704.0,804654272.0
0.3701623678207397,0.9166157841682434,-0.1256256848573684,-167546304.0,-473881600.0,508024576.0,801371968.0
0.3715053200721741,0.9243071675300598,-0.1256256848573684,-456550240.0,-629326080.0,291863456.0,680623104.0
0.3723599016666412,0.919423758983612,-0.1231839805841445,-682688448.0,-692820928.0,26235492.0,454058208.0
0.3691856861114502,0.91295325756073,-0.1251373440027237,-802524544.0,-652236032.0,-237170800.0,164966896.0
0.3668660819530487,0.9151507616043092,-0.1246490031480789,-804768832.0,-516046688.0,-465806880.0,-148284880.0
0.3675985932350158,0.9168599843978882,-0.1237944066524505,-689118016.0,-304170656.0,-626151360.0,-439832384.0
0.3677206635475158,0.9147844910621644,-0.126602366566658,-472425728.0,-47635712.0,-694739072.0,-666936192.0
0.3632035255432129,0.9100232124328612,-0.1284336447715759,-186531312.0,215936224.0,-661553664.0,-796144384.0
0.3623489141464233,0.9166157841682434,-0.125991940498352,126724248.0,447863872.0,-531370080.0,-808657088.0
0.365278959274292,0.9190574884414672,-0.1251373440027237,427650112.0,617153408.0,-317485568.0,-698828672.0
0.3674764931201935,0.9230862855911256,-0.1268465369939804,658656704.0,691060032.0,-61615356.0,-487578112.0
0.3688194453716278,0.9310218691825868,-0.122207298874855,793243264.0,663631808.0,203179760.0,-204932800.0
0.3716273903846741,0.9360273480415344,-0.1247710883617401,811670976.0,538957888.0,438185024.0,107842424.0
0.3713832199573517,0.9322426915168762,-0.1291661560535431,711118464.0,335313632.0,609014912.0,404842752.0
0.3717494904994964,0.9296789169311525,-0.1256256848573684,506368448.0,82441584.0,690571456.0,642516160.0
0.3695519566535949,0.9265046715736388,-0.1264802813529968,227431056.0,-182549728.0,670932032.0,785953216.0
0.3685752749443054,0.919667899608612,-0.1290440708398819,-92165000.0,-426180032.0,548912896.0,813321792.0
0.3688194453716278,0.9225979447364808,-0.1280673891305923,-391151264.0,-600958336.0,348417344.0,719288960.0
0.3737028539180755,0.917592465877533,-0.1264802813529968,-632844608.0,-687614080.0,96820640.0,519847936.0
0.3717494904994964,0.9136857390403748,-0.1169576346874237,-781777024.0,-673397312.0,-169052128.0,244343296.0
0.3735807538032532,0.9112440347671508,-0.1128067374229431,-816185536.0,-560447872.0,-410109920.0,-66863284.0
0.3740690946578979,0.9142961502075196,-0.1234281510114669,-730948608.0,-365508736.0,-591080576.0,-368324224.0
0.3711390495300293,0.922109603881836,-0.1322182863950729,-532940608.0,-110508416.0,-686612416.0,-620682752.0
0.3697961270809173,0.9234525561332704,-0.130387008190155,-260167440.0,154961648.0,-678179328.0,-775431552.0
0.3671102523803711,0.9190574884414672,-0.1356366723775863,50778884.0,397899712.0,-570428800.0,-816474048.0
0.3675985932350158,0.9276034832000732,-0.1383225470781326,354310432.0,582440320.0,-379191520.0,-737809408.0
0.372848242521286,0.9330973029136658,-0.139177143573761,605982016.0,681615936.0,-132454320.0,-550965376.0
0.3732145130634308,0.9216212630271912,-0.1314857751131057,768795648.0,680894464.0,133768728.0,-283484512.0
0.3718715608119964,0.9207667112350464,-0.1317299455404281,818930304.0,580476608.0,380355232.0,25523040.0
0.3748016059398651,0.9378586411476136,-0.1325845420360565,746079936.0,389590016.0,574881920.0,337663456.0
0.3769991397857666,0.9377365112304688,-0.1290440708398819,564127808.0,145334384.0,679605248.0,593039552.0
0.3767549693584442,0.9186912178993224,-0.1350262463092804,299480608.0,-120395000.0,684790656.0,761445760.0
0.3724820017814636,0.9207667112350464,-0.133561223745346,-9025608.0,-368469792.0,589580736.0,818208192.0
0.3726040720939636,0.917592465877533,-0.130997434258461,-316197088.0,-562560192.0,407886016.0,755046976.0
0.3677206635475158,0.9127090573310852,-0.1262361109256744,-576894976.0,-674219072.0,166336096.0,581269824.0
0.3634476959705353,0.9116103053092957,-0.1242827475070953,-753011584.0,-687093056.0,-99615624.0,322296352.0
0.3650347888469696,0.9167378544807434,-0.1377121210098266,-818771840.0,-596056128.0,-356619712.0,8585477.0
0.3666219115257263,0.9183250069618224,-0.1235502362251281,-761705088.0,-418688736.0,-554715456.0,-299528544.0
0.3644243776798248,0.9142961502075196,-0.1242827475070953,-593044928.0,-179810848.0,-671595008.0,-563779648.0
0.3680869340896606,0.91319739818573,-0.1301428377628326,-337396928.0,85353488.0,-690054912.0,-745401792.0
0.3734586834907532,0.9147844910621644,-0.1352704167366027,-32271592.0,337922368.0,-607427520.0,-817753216.0
0.3729703426361084,0.9145403504371644,-0.1284336447715759,277539968.0,541005504.0,-435711904.0,-770299456.0
0.3711390495300293,0.9123427867889404,-0.1324624568223953,552065984.0,666787328.0,-193758352.0,-604976896.0
0.3717494904994964,0.9171041250228882,-0.1372237801551818,738713216.0,690890816.0,71225536.0,-353300288.0
0.3711390495300293,0.926016330718994,-0.137956291437149,817127104.0,613715328.0,325732000.0,-49768984.0
0.3707728087902069,0.9168599843978882,-0.1295324116945266,775824448.0,446450816.0,532543360.0,260954304.0
0.3724820017814636,0.910633623600006,-0.133561223745346,620765312.0,213776864.0,661332928.0,533394848.0
0.376022458076477,0.9243071675300598,-0.1346599906682968,374666816.0,-50034944.0,693146432.0,727729920.0
0.377243310213089,0.9245513081550598,-0.1327066272497177,73679384.0,-306507648.0,623325952.0,815481856.0
0.3779758214950561,0.9125869870185852,-0.130387008190155,-245057056.0,-522595104.0,457088480.0,781558080.0
0.3779758214950561,0.9079477190971376,-0.1331949681043625,-520498144.0,-656268032.0,227026464.0,632277184.0
0.3745574355125427,0.9212550520896912,-0.1325845420360565,-719733248.0,-693764096.0,-36253040.0,390234144.0
0.3696740269660949,0.926016330718994,-0.130387008190155,-813488896.0,-629504960.0,-294271200.0,91023656.0
0.3700402975082397,0.9169820547103882,-0.1371016949415207,-787923008.0,-473017184.0,-509203872.0,-221506144.0
0.3733365833759308,0.9160053730010986,-0.1413746774196624,-646787648.0,-247247840.0,-649514432.0,-501584224.0
0.3719936609268188,0.915639102458954,-0.1361250132322311,-410886368.0,14817970.0,-694584512.0,-708114880.0
0.3705286383628845,0.9077035784721376,-0.1312416046857834,-107562992.0,280959360.0,-635146176.0,-811789888.0
0.3729703426361084,0.9161274433135986,-0.1269686222076416,205205248.0,499161632.0,-482950144.0,-792722624.0
0.3743132650852203,0.9138078093528748,-0.1273348778486251,487881152.0,644207936.0,-259958016.0,-657503936.0
0.3724820017814636,0.9097790122032166,-0.1287999004125595,699037504.0,694896640.0,1203435.0,-425893472.0
0.3732145130634308,0.91331946849823,-0.1342937350273132,807700928.0,643788736.0,262098256.0,-131838208.0
0.3735807538032532,0.915517032146454,-0.134171649813652,798008576.0,498322784.0,484575392.0,181562368.0
0.3717494904994964,0.9150286912918092,-0.1346599906682968,671320384.0,279738784.0,636085440.0,468392960.0
0.3723599016666412,0.9147844910621644,-0.1364912688732147,440034016.0,13485356.0,694491200.0,690501056.0
0.3707728087902069,0.9188133478164672,-0.1313636898994445,148410576.0,-248594960.0,648564352.0,805270528.0
0.3713832199573517,0.9228421449661256,-0.1323403716087341,-165014224.0,-474194720.0,507562240.0,802004800.0
0.372848242521286,0.9232084155082704,-0.1342937350273132,-454224960.0,-630239552.0,292244000.0,681170112.0
0.3757782876491546,0.9167378544807434,-0.1294103264808654,-676894912.0,-693915968.0,34003864.0,460498752.0
0.3762666285037994,0.917348325252533,-0.1281894743442535,-800320064.0,-655878272.0,-229161472.0,172389088.0
0.3763887286186218,0.922109603881836,-0.1287999004125595,-805164352.0,-517292448.0,-463742144.0,-148268672.0
0.3752899467945099,0.9184470772743224,-0.1277011334896087,-690368256.0,-305225120.0,-624159808.0,-439971936.0
0.3735807538032532,0.9151507616043092,-0.1292882412672042,-474394784.0,-48384428.0,-693139008.0,-667149440.0
0.3734586834907532,0.9095348715782166,-0.1374679505825042,-188795776.0,215579296.0,-660629888.0,-796474368.0
0.3701623678207397,0.91319739818573,-0.1286778151988983,124473176.0,447967840.0,-531188000.0,-809068608.0
0.3693077862262726,0.915639102458954,-0.1241606622934341,419418176.0,614626496.0,-323850592.0,-703110912.0
0.3685752749443054,0.9160053730010986,-0.1295324116945266,652887808.0,691248896.0,-69057824.0,-494029280.0
0.3680869340896606,0.9160053730010986,-0.1290440708398819,792519872.0,664627776.0,202244864.0,-205428176.0
0.3632035255432129,0.917592465877533,-0.1223293840885162,811478848.0,540082240.0,437291264.0,107289864.0
0.3701623678207397,0.9116103053092957,-0.1283115595579147,711486592.0,336424320.0,608279296.0,404380128.0
0.3737028539180755,0.9186912178993224,-0.1361250132322311,507090944.0,83615528.0,690133440.0,642265152.0
0.3741911947727203,0.922109603881836,-0.1339274793863296,228420880.0,-181452864.0,670787392.0,786043584.0
0.3729703426361084,0.9142961502075196,-0.1328287124633789,-83730752.0,-420080512.0,553026304.0,814619520.0
0.3700402975082397,0.9112440347671508,-0.1278232187032699,-383436576.0,-597107392.0,354201728.0,723810624.0
0.3699181973934173,0.9116103053092957,-0.1317299455404281,-631639616.0,-687702336.0,96919360.0,521176576.0
0.3701623678207397,0.922109603881836,-0.1294103264808654,-780749440.0,-674261120.0,-168656416.0,245517200.0
0.3716273903846741,0.919545829296112,-0.1330728828907013,-815453248.0,-562021184.0,-409526112.0,-66166692.0
0.372726172208786,0.919423758983612,-0.1322182863950729,-730639616.0,-367334368.0,-590395968.0,-368219104.0
0.3744353652000427,0.915517032146454,-0.1298986673355102,-538760768.0,-118817368.0,-684672960.0,-616249728.0
0.3749237060546875,0.9144182801246644,-0.1334391385316848,-267904480.0,147093456.0,-678644672.0,-773920896.0
0.3749237060546875,0.919301688671112,-0.1338053941726684,49618908.0,396938400.0,-569376960.0,-817746496.0
0.3718715608119964,0.915639102458954,-0.1269686222076416,352841408.0,582168128.0,-378164672.0,-739253824.0
0.3693077862262726,0.9112440347671508,-0.1300207525491714,604328576.0,682161216.0,-131449208.0,-552345600.0
0.3669881522655487,0.9184470772743224,-0.1219631284475326,767226112.0,682064128.0,134483344.0,-284584448.0
0.3669881522655487,0.9184470772743224,-0.1247710883617401,817686080.0,582012672.0,380726272.0,24895020.0
0.3679648339748382,0.9223538041114808,-0.1342937350273132,748204928.0,396714336.0,571194176.0,330856256.0
0.3705286383628845,0.9234525561332704,-0.1291661560535431,569128512.0,153304896.0,677828032.0,588269504.0
0.368453174829483,0.9128311276435852,-0.125381514430046,299867072.0,-119322448.0,684048640.0,762129152.0
0.3704065382480621,0.9134415984153748,-0.1316078603267669,-8145112.0,-367854528.0,588872640.0,819003776.0
0.372726172208786,0.9199120998382568,-0.1270907074213028,-315029984.0,-562413056.0,407407072.0,755902592.0
0.3715053200721741,0.9125869870185852,-0.1257477700710296,-575719808.0,-674580672.0,166142240.0,582070272.0
0.3739470243453979,0.9200341701507568,-0.1289219856262207,-752097792.0,-687862400.0,-99387792.0,322858816.0
0.3721157312393188,0.9249175786972046,-0.1275790482759475,-818281600.0,-600286848.0,-350320832.0,16361485.0
0.3712611496448517,0.9178366661071776,-0.1279453039169311,-764535680.0,-424672480.0,-549998720.0,-292508768.0
0.3716273903846741,0.9180808067321776,-0.1352704167366027,-593593536.0,-180464928.0,-670880704.0,-563843776.0
0.3726040720939636,0.9172261953353882,-0.1342937350273132,-338198592.0,84812280.0,-689508096.0,-745606272.0
0.3710169792175293,0.9142961502075196,-0.1269686222076416,-33341614.0,337715744.0,-607024640.0,-818094720.0
0.3697961270809173,0.9094127416610718,-0.1263581961393356,276304288.0,541153984.0,-435594560.0,-770705664.0
0.3696740269660949,0.9162495136260986,-0.1361250132322311,545518784.0,665350400.0,-200524400.0,-610270080.0
0.3704065382480621,0.9182028770446776,-0.1301428377628326,734872960.0,691995008.0,63983600.0,-360461152.0
0.3680869340896606,0.91307532787323,-0.1280673891305923,816528192.0,617218496.0,319198240.0,-57939676.0
0.3719936609268188,0.915761172771454,-0.1380783766508102,776149376.0,447038752.0,531957632.0,260175152.0
0.3729703426361084,0.917592465877533,-0.1419851034879684,621366528.0,214680800.0,660967808.0,532784064.0
0.3718715608119964,0.925894260406494,-0.1350262463092804,375506496.0,-49213936.0,693077376.0,727418752.0
0.3701623678207397,0.9234525561332704,-0.1380783766508102,74588064.0,-305963136.0,623596800.0,815396672.0
0.3754120469093323,0.9151507616043092,-0.1346599906682968,-237169728.0,-517801440.0,462688096.0,783883520.0
0.3746795356273651,0.9183250069618224,-0.1275790482759475,-514154880.0,-653710016.0,233950944.0,637570752.0
0.3749237060546875,0.9186912178993224,-0.1280673891305923,-719344576.0,-693558720.0,-35711152.0,391364160.0
0.3749237060546875,0.9146624207496644,-0.125381514430046,-813312128.0,-629741504.0,-293803840.0,92465280.0
0.3723599016666412,0.922109603881836,-0.1229398101568222,-788167296.0,-473622016.0,-508890400.0,-220060304.0
0.3707728087902069,0.9199120998382568,-0.1234281510114669,-647551936.0,-248062720.0,-649422336.0,-500313376.0
0.3719936609268188,0.9223538041114808,-0.1256256848573684,-411963904.0,13894951.0,-694752832.0,-707341952.0
0.3721157312393188,0.919423758983612,-0.1268465369939804,-116004616.0,273816160.0,-638235584.0,-810644480.0
0.3706507086753845,0.9097790122032166,-0.1291661560535431,196827296.0,493641376.0,-488211072.0,-795077760.0
0.3710169792175293,0.910877764225006,-0.1264802813529968,486767008.0,643688896.0,-260431632.0,-658649600.0
0.3691856861114502,0.917714536190033,-0.1285557299852371,698206976.0,694863552.0,652938.0,-427308736.0
0.3635697662830353,0.9182028770446776,-0.1278232187032699,807253312.0,644192448.0,261665408.0,-133457576.0
0.3635697662830353,0.9152728319168092,-0.1275790482759475,797985792.0,499156896.0,484373120.0,179903488.0
0.3656452298164367,0.926016330718994,-0.1336833089590072,671720000.0,281118784.0,636085248.0,466992000.0
0.365278959274292,0.9233304858207704,-0.1306311786174774,447030336.0,21787198.0,694609856.0,685658688.0
0.3674764931201935,0.9199120998382568,-0.1235502362251281,156983072.0,-240744640.0,651265152.0,803849216.0
0.3732145130634308,0.921987533569336,-0.1317299455404281,-163401808.0,-472861760.0,508124640.0,802765504.0
0.3754120469093323,0.928213894367218,-0.1281894743442535,-452721504.0,-629440576.0,293015328.0,682576960.0
0.3749237060546875,0.9261384606361388,-0.1285557299852371,-675733824.0,-693750976.0,34901424.0,462381600.0
0.3784641623497009,0.91319739818573,-0.1358808428049087,-799645632.0,-656451584.0,-228358400.0,174390848.0
0.3765107989311218,0.9190574884414672,-0.1406421661376953,-806291392.0,-523034528.0,-458113504.0,-139221536.0
0.3729703426361084,0.9212550520896912,-0.1396654844284057,-694785216.0,-313017120.0,-620726208.0,-432335872.0
0.3694298565387726,0.922109603881836,-0.1446709781885147,-475421952.0,-50486720.0,-693029376.0,-666375872.0
0.3696740269660949,0.9272372126579284,-0.1457697451114654,-190153536.0,213347008.0,-661029120.0,-796421184.0
0.3685752749443054,0.9078256487846376,-0.1342937350273132,122713952.0,446010496.0,-532286848.0,-809696320.0
0.3679648339748382,0.923818826675415,-0.1472347676753997,417818880.0,613359680.0,-325700704.0,-704313792.0
0.3704065382480621,0.9443291425704956,-0.1496764719486236,651851392.0,690724480.0,-71501096.0,-495780704.0
0.3701623678207397,0.9382248520851136,-0.1474789381027221,790506560.0,666762112.0,193356608.0,-214621536.0
0.3715053200721741,0.9254059195518494,-0.1430838704109192,813299136.0,544897024.0,430064672.0,97967584.0
0.3680869340896606,0.9214991927146912,-0.1472347676753997,713115904.0,337354464.0,607079808.0,402533536.0
0.3710169792175293,0.9272372126579284,-0.1496764719486236,508990016.0,84662368.0,689957312.0,640813440.0
0.3723599016666412,0.9290685057640076,-0.1383225470781326,230301728.0,-180461408.0,671458880.0,785149184.0
0.3701623678207397,0.9186912178993224,-0.1248931735754013,-82011240.0,-419256512.0,554271744.0,814372416.0
0.3705286383628845,0.9160053730010986,-0.126602366566658,-382245504.0,-596560576.0,355853280.0,724081344.0
0.3718715608119964,0.917348325252533,-0.1246490031480789,-626423168.0,-686322240.0,105312872.0,527623456.0
0.3724820017814636,0.9205225110054016,-0.1211085319519043,-778793472.0,-675400832.0,-160577344.0,253871808.0
0.3744353652000427,0.9251617789268494,-0.1169576346874237,-816547968.0,-561487040.0,-408345440.0,-64476956.0
0.3737028539180755,0.9146624207496644,-0.1174459755420684,-732240384.0,-366907424.0,-589880704.0,-366285760.0
0.3754120469093323,0.9081919193267822,-0.125381514430046,-540477440.0,-118509208.0,-685023808.0,-614413248.0
0.3734586834907532,0.9096569418907166,-0.1230618953704834,-269519008.0,147242400.0,-679694848.0,-772408960.0
0.372726172208786,0.9058722853660583,-0.1170797199010849,40868156.0,391510240.0,-574616256.0,-817182464.0
0.3757782876491546,0.8980588316917419,-0.1191551685333252,345189984.0,578415744.0,-385308800.0,-742117056.0
0.3752899467945099,0.8951287865638733,-0.1196435093879699,598801984.0,680593792.0,-139591728.0,-558268672.0
0.372848242521286,0.8914662599563599,-0.1143938452005386,767206144.0,681802624.0,133222504.0,-285855264.0
0.3718715608119964,0.8973263502120972,-0.1306311786174774,817999488.0,582154432.0,379939968.0,23242790.0
0.3757782876491546,0.91331946849823,-0.1322182863950729,749076288.0,397186688.0,570783808.0,329020960.0
0.3751678764820099,0.9017214179039,-0.1246490031480789,570542656.0,153811584.0,678025792.0,586536960.0
0.3762666285037994,0.900012195110321,-0.1386888027191162,308328128.0,-112013024.0,686075264.0,758029696.0
0.3785862624645233,0.9103894233703612,-0.1439384669065475,878968.0,-361277504.0,593767168.0,818437440.0
0.3784641623497009,0.9164937138557434,-0.142961785197258,-313582560.0,-561579456.0,409143072.0,756186432.0
0.3784641623497009,0.9188133478164672,-0.1486997902393341,-574761152.0,-674121856.0,168296208.0,582929856.0
0.3744353652000427,0.9182028770446776,-0.1500427275896072,-751653504.0,-688004224.0,-97135984.0,324273472.0
0.3705286383628845,0.91331946849823,-0.1556586474180221,-818295296.0,-601311744.0,-348442912.0,18057632.0
0.3669881522655487,0.923940896987915,-0.1600537151098251,-764963136.0,-426658912.0,-548725376.0,-290887552.0
0.3656452298164367,0.9298009872436525,-0.1529727727174759,-599625600.0,-189485376.0,-668576192.0,-557199936.0
0.3655231297016144,0.9269930124282836,-0.1471126824617386,-346451424.0,75648928.0,-690396416.0,-741972352.0
0.3634476959705353,0.9225979447364808,-0.1410084217786789,-35219616.0,335600544.0,-607816000.0,-818298880.0
0.3641802072525024,0.9243071675300598,-0.1474789381027221,274611008.0,539781120.0,-437198112.0,-771365312.0
0.3677206635475158,0.9227200746536256,-0.1434501260519027,544264576.0,664766080.0,-202409776.0,-611403264.0
0.3671102523803711,0.9296789169311525,-0.1353925019502639,734182656.0,692166272.0,62087116.0,-361867872.0
0.3666219115257263,0.9234525561332704,-0.130387008190155,816490304.0,617947456.0,317631616.0,-59296780.0
0.3617385029792785,0.924062967300415,-0.1262361109256744,779049728.0,453061056.0,526594432.0,251867024.0
0.3594188690185547,0.9321206212043762,-0.1206201910972595,627390912.0,221680368.0,658278272.0,526146080.0
0.3644243776798248,0.9262605309486388,-0.1174459755420684,377256128.0,-48917244.0,692924928.0,726678400.0
0.3705286383628845,0.9247955083847046,-0.1186668276786804,76403568.0,-305929440.0,623953344.0,814968320.0
0.3783420920372009,0.923940896987915,-0.1267244517803192,-235730048.0,-517976448.0,463533120.0,783702976.0
0.3732145130634308,0.925772190093994,-0.1078012436628341,-513246656.0,-654040512.0,234787936.0,637655872.0
0.3660114705562591,0.919423758983612,-0.1082895845174789,-715318144.0,-694185856.0,-28473344.0,398166656.0
0.3697961270809173,0.917592465877533,-0.1223293840885162,-812405248.0,-632661376.0,-287439008.0,100188032.0
0.3739470243453979,0.9210108518600464,-0.1169576346874237,-788456640.0,-473499360.0,-508761824.0,-219584624.0
0.3718715608119964,0.917592465877533,-0.1110975444316864,-648020480.0,-247762864.0,-649509888.0,-499741408.0
0.3732145130634308,0.9160053730010986,-0.1147601008415222,-412550656.0,14298091.0,-695081664.0,-706668608.0
0.3766328990459442,0.9163716435432434,-0.1150042712688446,-116693048.0,274108544.0,-638761408.0,-810032448.0
0.3769991397857666,0.922109603881836,-0.1245269179344177,196400320.0,493741728.0,-488949728.0,-794667008.0
0.3784641623497009,0.9212550520896912,-0.1312416046857834,480726048.0,641036416.0,-267570512.0,-662798848.0
0.3739470243453979,0.9214991927146912,-0.1296544969081878,694592320.0,694406784.0,-6952229.0,-433836288.0
0.3696740269660949,0.922109603881836,-0.1364912688732147,807810880.0,643695616.0,260875344.0,-134026296.0
0.3678427636623382,0.9222317337989808,-0.1445488929748535,798582336.0,498947328.0,483856160.0,179227776.0
0.3627151846885681,0.9245513081550598,-0.1412525922060012,672381376.0,281086656.0,635983296.0,466197760.0
0.3566109240055084,0.9302893280982972,-0.1405200809240341,447660256.0,21984054.0,694967488.0,684878592.0
0.3603955507278442,0.9318764209747314,-0.1411305069923401,157317648.0,-240285472.0,652112960.0,803233600.0
0.3632035255432129,0.928213894367218,-0.1424734443426132,-156080160.0,-467331584.0,513699232.0,803912192.0
0.3666219115257263,0.921743392944336,-0.1444268077611923,-446673504.0,-625935680.0,299969792.0,686750976.0
0.3696740269660949,0.9158833026885986,-0.1479672789573669,-675919232.0,-693244096.0,35688608.0,462810624.0
0.3694298565387726,0.917348325252533,-0.142351359128952,-799887232.0,-656208512.0,-227774608.0,174960224.0
0.3701623678207397,0.9186912178993224,-0.1392992287874221,-806639296.0,-522929152.0,-457834720.0,-138517120.0
0.3735807538032532,0.9122207164764404,-0.1400317400693893,-695144768.0,-312910528.0,-620794560.0,-431736480.0
0.372726172208786,0.9077035784721376,-0.1382004618644714,-481759456.0,-56981828.0,-692741120.0,-661583040.0
0.3713832199573517,0.9099010825157166,-0.1251373440027237,-197848880.0,207385248.0,-663009024.0,-794473216.0
0.3699181973934173,0.9122207164764404,-0.1208643615245819,115012168.0,441342848.0,-536028608.0,-810915264.0
0.3718715608119964,0.9112440347671508,-0.1273348778486251,417363232.0,613753152.0,-324692032.0,-704706752.0
0.3745574355125427,0.9113661050796508,-0.1268465369939804,651260544.0,691166784.0,-70158792.0,-496132448.0
0.3787083327770233,0.9091686010360718,-0.1261140257120132,789715328.0,667260672.0,194621904.0,-214841248.0
0.3811500370502472,0.9052618741989136,-0.1325845420360565,812389504.0,545630080.0,430867616.0,97906672.0
0.3829813301563263,0.9083139896392822,-0.1333170533180236,716003328.0,344000192.0,603999872.0,396369504.0
0.38029545545578,0.9003784656524658,-0.129776582121849,514713440.0,91811176.0,688665728.0,636633216.0
0.3746795356273651,0.904163122177124,-0.1340495645999908,230914208.0,-180248608.0,670828672.0,785556800.0
0.372726172208786,0.9204004406929016,-0.1353925019502639,-81159936.0,-419195072.0,554080704.0,814619328.0
0.3706507086753845,0.9222317337989808,-0.130387008190155,-381308768.0,-596711360.0,356046880.0,724355776.0
0.3688194453716278,0.917470395565033,-0.1355145871639251,-625509760.0,-686846400.0,105854728.0,527916480.0
0.3691856861114502,0.9245513081550598,-0.139177143573761,-778067840.0,-676371520.0,-159799344.0,254003360.0
0.368331104516983,0.9243071675300598,-0.1351483315229416,-816623296.0,-566751616.0,-401983584.0,-57006096.0
0.3660114705562591,0.9289463758468628,-0.1413746774196624,-735461568.0,-374141184.0,-585340736.0,-359739424.0
0.3679648339748382,0.9312660098075868,-0.1477231085300445,-540933120.0,-120226968.0,-684141184.0,-614661824.0
0.3695519566535949,0.9299230575561525,-0.1447930634021759,-270313920.0,145583424.0,-679249088.0,-772837632.0
0.3691856861114502,0.9322426915168762,-0.1392992287874221,39998864.0,390139392.0,-574704000.0,-817819136.0
0.368331104516983,0.932608962059021,-0.1298986673355102,344352128.0,577448384.0,-385786336.0,-743011008.0
0.3662556409835815,0.9296789169311525,-0.1316078603267669,598254144.0,680147008.0,-140254432.0,-559233600.0
0.3650347888469696,0.932853102684021,-0.1325845420360565,764447552.0,683102912.0,125804272.0,-293402784.0
0.3632035255432129,0.930533528327942,-0.1240385770797729,818603968.0,585780864.0,373409600.0,15333692.0
0.3627151846885681,0.926016330718994,-0.1242827475070953,749807360.0,397018912.0,570178368.0,328607680.0
0.3678427636623382,0.9229642152786256,-0.1245269179344177,571084096.0,153742688.0,677748608.0,586348416.0
0.365278959274292,0.91295325756073,-0.1247710883617401,308704896.0,-112113776.0,685944448.0,757979840.0
0.3617385029792785,0.9122207164764404,-0.1226956397294998,1036898.0,-361646400.0,593518784.0,818454528.0
0.3580759465694427,0.917348325252533,-0.1176901459693908,-306695136.0,-558101120.0,414036416.0,758918016.0
0.3596630394458771,0.9120986461639404,-0.1136613339185714,-569349184.0,-672686592.0,173833472.0,588249664.0
0.3635697662830353,0.904407262802124,-0.1091441810131073,-751514112.0,-687759488.0,-98559056.0,324686080.0
0.3701623678207397,0.9012330770492554,-0.1104871183633804,-818169856.0,-600591936.0,-349947264.0,18594796.0
0.3780979216098785,0.8946404457092285,-0.1073129028081893,-765030720.0,-425394976.0,-550001920.0,-290148992.0
0.3871322274208069,0.8946404457092285,-0.1081674993038177,-599854848.0,-187895440.0,-669451584.0,-556440064.0
0.3918935358524322,0.8954950571060181,-0.1109754592180252,-346806912.0,77046336.0,-690868736.0,-741222464.0
0.3920156359672546,0.8920766711235046,-0.121596872806549,-42967768.0,330675328.0,-611300672.0,-817337536.0
0.3868880569934845,0.8994017839431763,-0.1356366723775863,267214016.0,535970368.0,-442434176.0,-773631680.0
0.3893297612667084,0.9169820547103882,-0.1386888027191162,543911616.0,664672384.0,-202518224.0,-611783232.0
0.3862776160240173,0.9200341701507568,-0.1383225470781326,733983872.0,691960640.0,61834368.0,-362706688.0
0.3796850144863128,0.9150286912918092,-0.1490660458803177,816429568.0,618127808.0,317207744.0,-60510520.0
0.3738249242305755,0.9188133478164672,-0.1645708680152893,779102400.0,454015872.0,526274464.0,250650624.0
0.3707728087902069,0.9274813532829284,-0.1676229983568191,627584000.0,223641008.0,658343104.0,525003648.0
0.365156888961792,0.937126100063324,-0.1711634695529937,384086464.0,-39551916.0,694123392.0,722514688.0
0.3619826734066009,0.9351727366447448,-0.1799536049365997,84323040.0,-297044928.0,628355840.0,814091136.0
0.3611280620098114,0.9448174834251404,-0.1775119006633758,-234903904.0,-515537920.0,465538720.0,784369792.0
0.3578317761421203,0.9361494183540344,-0.1696984469890594,-512347360.0,-652633024.0,237339392.0,638875392.0
0.357709676027298,0.9278476238250732,-0.1622512489557266,-714652416.0,-694059776.0,-25727234.0,399765696.0
0.3573434352874756,0.9359052777290344,-0.1627395898103714,-812185728.0,-633814400.0,-284874016.0,101989952.0
0.3585642874240875,0.943474531173706,-0.1522402614355087,-790784640.0,-480461984.0,-502250496.0,-210907376.0
0.3622268438339233,0.9356610774993896,-0.139177143573761,-653567360.0,-256397088.0,-645836928.0,-492875648.0
0.3649127185344696,0.9273592829704284,-0.1361250132322311,-420521632.0,5332314.0,-694594240.0,-702562112.0
0.3678427636623382,0.9234525561332704,-0.1300207525491714,-118493568.0,272437792.0,-638811456.0,-810295232.0
0.3710169792175293,0.9225979447364808,-0.1220852136611938,194641104.0,492874240.0,-489429760.0,-795342592.0
0.3741911947727203,0.923818826675415,-0.1175680607557296,479225248.0,640901888.0,-268205360.0,-663758464.0
0.3744353652000427,0.9160053730010986,-0.1042607724666595,693501312.0,694787008.0,-7386705.0,-434964320.0
0.3718715608119964,0.908558189868927,-0.0933951884508133,806006848.0,646610880.0,254662064.0,-142534576.0
0.3695519566535949,0.9050176739692688,-0.0881455242633819,800284800.0,503473408.0,479430400.0,170665680.0
0.372726172208786,0.906971037387848,-0.0977902561426162,672918144.0,280523712.0,636602432.0,464915552.0
0.3791966736316681,0.9003784656524658,-0.0916859954595565,448456672.0,21077756.0,695590656.0,683752512.0
0.3822488188743591,0.8921987414360046,-0.0942497849464416,158303888.0,-241463024.0,652649088.0,802250688.0
0.383469671010971,0.8791356086730957,-0.1008423864841461,-155035744.0,-468743488.0,514058560.0,803062144.0
0.3861555457115173,0.8942741751670837,-0.1084116697311401,-445615968.0,-627156992.0,300368032.0,686149440.0
0.389085590839386,0.9029422402381896,-0.1082895845174789,-671076800.0,-693590336.0,42692568.0,468708000.0
0.3860334455966949,0.8857282400131226,-0.1159809529781341,-798054720.0,-658534464.0,-221290864.0,182737392.0
0.38029545545578,0.8920766711235046,-0.1290440708398819,-806789760.0,-522971616.0,-457878336.0,-137331600.0
0.3735807538032532,0.9081919193267822,-0.1396654844284057,-695541440.0,-313384672.0,-621205760.0,-430159296.0
0.3674764931201935,0.915761172771454,-0.146746426820755,-482399968.0,-57935960.0,-693690624.0,-660036800.0
0.3622268438339233,0.9152728319168092,-0.15748992562294,-198584512.0,206028208.0,-664750208.0,-793186752.0
0.3584421873092651,0.925772190093994,-0.1679892539978027,114368312.0,439835008.0,-538661376.0,-810080576.0
0.3545354604721069,0.9273592829704284,-0.1711634695529937,410454976.0,609307328.0,-333815776.0,-708350080.0
0.3569771647453308,0.9243071675300598,-0.1733610033988952,646530112.0,689687616.0,-80059552.0,-502833728.0
0.3596630394458771,0.9343181252479552,-0.1759247928857803,789905472.0,667335232.0,191703872.0,-216527584.0
0.3596630394458771,0.9444512128829956,-0.173238918185234,813042816.0,546696704.0,428751072.0,95802752.0
0.3592967987060547,0.9411548972129822,-0.1684775948524475,717121664.0,345837984.0,603052544.0,394184832.0
0.3627151846885681,0.9379807114601136,-0.161884993314743,516122528.0,94234800.0,688907904.0,634873792.0
0.36393603682518,0.9410328269004822,-0.1601758003234863,239314192.0,-171216000.0,673738304.0,782567552.0
0.3657673001289367,0.947869598865509,-0.15748992562294,-72696688.0,-411480800.0,559662144.0,815535744.0
0.3656452298164367,0.9443291425704956,-0.1433280408382415,-380548480.0,-594792576.0,357533248.0,725600512.0
0.3629593551158905,0.9265046715736388,-0.130997434258461,-625083904.0,-685561408.0,106833664.0,529890304.0
0.3614943325519562,0.925650119781494,-0.1211085319519043,-777920640.0,-675668608.0,-159573536.0,256455168.0
0.3611280620098114,0.922109603881836,-0.1142717599868774,-816649920.0,-566536256.0,-402569696.0,-54578056.0
0.3658894002437591,0.9080698490142822,-0.1048711985349655,-735688320.0,-374076960.0,-586472576.0,-357492032.0
0.3744353652000427,0.8962275385856628,-0.0931510180234909,-546988480.0,-126531472.0,-684218112.0,-607914880.0
0.3820046484470367,0.8903674483299255,-0.094493955373764,-278048704.0,139659264.0,-681545024.0,-769156736.0
0.3876205682754516,0.8926870822906494,-0.0964473187923431,38984664.0,390830336.0,-575118656.0,-817246528.0
0.3911610245704651,0.8886582851409912,-0.0936393588781356,343215392.0,578166208.0,-385852352.0,-742944512.0
0.3918935358524322,0.8825539946556091,-0.0996215343475341,597057792.0,680852224.0,-140018384.0,-559712960.0
0.3918935358524322,0.8912220597267151,-0.1112196296453476,763354688.0,683859648.0,126143544.0,-294338176.0
0.3885972499847412,0.9029422402381896,-0.1167134642601013,817774016.0,586787712.0,373692864.0,14178926.0
0.3839580118656158,0.9119765758514404,-0.1206201910972595,752415616.0,403903104.0,566466560.0,320577792.0
0.3768770694732666,0.9254059195518494,-0.1366133540868759,576719872.0,162078960.0,676403904.0,580106752.0
0.3722378313541412,0.932486891746521,-0.1513856649398803,309647136.0,-109937328.0,686460736.0,757446720.0
0.3706507086753845,0.9341960549354552,-0.1577340960502624,2312196.0,-359386976.0,594797184.0,818519040.0
0.3641802072525024,0.9351727366447448,-0.1627395898103714,-305309312.0,-556273088.0,416173088.0,759649856.0
0.3638139367103576,0.9423757791519164,-0.1698205322027206,-568275840.0,-671772864.0,176736448.0,589465472.0
0.3622268438339233,0.9504333734512328,-0.1705530434846878,-748098368.0,-688924544.0,-88601472.0,332870976.0
0.3628372550010681,0.9465266466140748,-0.1739714294672012,-818317952.0,-605184640.0,-340989696.0,27474632.0
0.3632035255432129,0.9400561451911926,-0.1672567427158355,-768665280.0,-432612416.0,-543497024.0,-282015360.0
0.3606397211551666,0.9348064661026,-0.1540715396404266,-601445760.0,-190083696.0,-668127936.0,-555569792.0
0.360883891582489,0.9298009872436525,-0.153094857931137,-348419616.0,74999128.0,-690833408.0,-740708864.0
0.3625930845737457,0.9341960549354552,-0.15748992562294,-44158836.0,329012032.0,-612268352.0,-817220928.0
0.3632035255432129,0.9317543506622314,-0.1538273692131042,266572992.0,534721568.0,-443815296.0,-773925824.0
0.3611280620098114,0.9278476238250732,-0.1439384669065475,538246016.0,661970048.0,-210033312.0,-617166400.0
0.3592967987060547,0.921865463256836,-0.1378342062234878,730911232.0,692003712.0,54701092.0,-369903936.0
0.3589305281639099,0.9149066209793092,-0.1308753490447998,816876224.0,617367104.0,317430112.0,-61079584.0
0.3613722324371338,0.9051398038864136,-0.1170797199010849,779611456.0,452628736.0,526992832.0,250066528.0
0.3650347888469696,0.8995238542556763,-0.1119521409273147,627993088.0,221367152.0,659158400.0,524454944.0
0.3696740269660949,0.8926870822906494,-0.1060920506715774,384290304.0,-42505372.0,694494336.0,721881792.0
0.3757782876491546,0.8860945105552673,-0.1003540456295013,84292496.0,-300237152.0,627743552.0,813395328.0
0.3790746033191681,0.8785251975059509,-0.0886338651180267,-227770992.0,-513892928.0,468687136.0,785676992.0
0.3850567638874054,0.8709559440612793,-0.0949822962284088,-506393280.0,-652223680.0,240886768.0,642701504.0
0.3956781923770904,0.8648516535758972,-0.102673664689064,-714247424.0,-694760832.0,-28751812.0,399064928.0
0.3993407487869262,0.8647295832633972,-0.1004761308431625,-811549632.0,-633348160.0,-287863584.0,101554600.0
0.3988524079322815,0.8713221549987793,-0.1130509078502655,-789841920.0,-479393216.0,-504766944.0,-210864320.0
0.3986082375049591,0.8832865357398987,-0.1279453039169311,-652322816.0,-255501760.0,-647765248.0,-492458624.0
0.3915272951126098,0.893785834312439,-0.1334391385316848,-419233216.0,5680570.0,-696028928.0,-701909184.0
0.3833475708961487,0.9059943556785583,-0.1395433992147445,-124747408.0,265930608.0,-642576000.0,-808539776.0
0.3762666285037994,0.9199120998382568,-0.153705283999443,188068208.0,487256352.0,-495360384.0,-796712768.0
0.3723599016666412,0.9311439394950868,-0.1634721010923385,479387264.0,639968512.0,-269695904.0,-663938112.0
0.3694298565387726,0.9343181252479552,-0.1605420559644699,693319872.0,694503168.0,-9391683.0,-435667552.0
0.3657673001289367,0.9378586411476136,-0.170064702630043,805776320.0,647597504.0,252342768.0,-143480544.0
0.365156888961792,0.939689874649048,-0.1688438504934311,800262976.0,505914848.0,477200992.0,169794176.0
0.3596630394458771,0.9443291425704956,-0.1695763617753982,677560256.0,290204448.0,632225600.0,458154752.0
0.3594188690185547,0.952264666557312,-0.1692101061344146,455531776.0,31916910.0,694698176.0,679549888.0
0.3594188690185547,0.9407886862754822,-0.1613966524600982,159652256.0,-237438512.0,653025216.0,802878400.0
0.3557563126087188,0.9431082606315612,-0.153705283999443,-153590032.0,-465400000.0,515468640.0,804379584.0
0.3523379266262054,0.9421315789222716,-0.1511414945125579,-444351552.0,-625147648.0,302307136.0,687949120.0
0.3518495857715606,0.941643238067627,-0.1485777050256729,-670008896.0,-693160320.0,44801240.0,470671040.0
0.3540471196174621,0.937126100063324,-0.1425955295562744,-797529344.0,-659376704.0,-219367184.0,184306448.0
0.3546575605869293,0.928335964679718,-0.1342937350273132,-808083648.0,-528667968.0,-451407200.0,-129089152.0
0.352093756198883,0.9262605309486388,-0.1247710883617401,-700115456.0,-320281632.0,-617136000.0,-423465088.0
0.3538029491901397,0.925650119781494,-0.1230618953704834,-483466048.0,-58235488.0,-692873536.0,-660088640.0
0.3561225831508636,0.9285801649093628,-0.1231839805841445,-199537952.0,206377200.0,-663974080.0,-793506752.0
0.3552679717540741,0.926016330718994,-0.1170797199010849,113531016.0,440653888.0,-537544128.0,-810495296.0
0.3580759465694427,0.9142961502075196,-0.1135392487049102,409910624.0,610329536.0,-332048064.0,-708616064.0
0.36405810713768,0.9111219644546508,-0.1147601008415222,646116224.0,690375232.0,-77869824.0,-502765984.0
0.368453174829483,0.904407262802124,-0.109632521867752,787511360.0,669066304.0,187775536.0,-223244256.0
0.3682090044021606,0.9023318290710448,-0.0998657047748565,813435584.0,549459776.0,425948480.0,88915368.0
0.372726172208786,0.9101452827453612,-0.110242947936058,716434240.0,343687648.0,604878656.0,394517504.0
0.3799291849136352,0.9138078093528748,-0.1112196296453476,515111360.0,91788056.0,689881216.0,634996608.0
0.3844463527202606,0.9138078093528748,-0.114027589559555,238265488.0,-173492608.0,673726784.0,782396096.0
0.3912831246852875,0.9211329221725464,-0.121596872806549,-73557016.0,-413143488.0,558965312.0,815095744.0
0.3918935358524322,0.9287022352218628,-0.1292882412672042,-374697312.0,-592212736.0,362434080.0,728319360.0
0.3884751498699188,0.9356610774993896,-0.1328287124633789,-620941376.0,-684509632.0,112934344.0,534832384.0
0.3831034004688263,0.9362714886665344,-0.1408863365650177,-778506624.0,-675195776.0,-159559520.0,255930304.0
0.3766328990459442,0.9374923706054688,-0.1504089832305908,-817039168.0,-566269696.0,-402092544.0,-55034176.0
0.3715053200721741,0.9450616240501404,-0.150531068444252,-735884480.0,-374486240.0,-585682368.0,-357954912.0
0.3674764931201935,0.9426199197769164,-0.153705283999443,-546862912.0,-127793056.0,-683577152.0,-608484672.0
0.3638139367103576,0.9343181252479552,-0.1524844318628311,-277733568.0,137707264.0,-681365568.0,-769781312.0
0.3592967987060547,0.9288243055343628,-0.1560249030590057,32084212.0,383109024.0,-579377664.0,-818193792.0
0.3570992648601532,0.9266268014907836,-0.1524844318628311,337141152.0,572394816.0,-392470688.0,-746718336.0
0.3550238013267517,0.9201562404632568,-0.1494323015213012,597845184.0,679243456.0,-141416320.0,-560475136.0
0.3560004830360412,0.9128311276435852,-0.1436942964792251,764156352.0,682879488.0,124881808.0,-295070720.0
0.353314608335495,0.9007447361946106,-0.1316078603267669,818469632.0,586235456.0,373063968.0,13425239.0
0.3536808788776397,0.9015992879867554,-0.1296544969081878,752794880.0,403630528.0,566540992.0,319898432.0
0.3580759465694427,0.9109998941421508,-0.1495543867349624,576534528.0,162060400.0,676991680.0,579610368.0
0.3618605732917785,0.906604826450348,-0.1443047225475311,315785312.0,-103397616.0,688070336.0,754366784.0
0.3632035255432129,0.8943963050842285,-0.1346599906682968,8913988.0,-353821312.0,598092416.0,818497408.0
0.3643022775650024,0.9019655585289,-0.1311195194721222,-306102944.0,-556319360.0,415088128.0,759890240.0
0.365156888961792,0.9036747813224792,-0.1302649229764938,-568809792.0,-671597760.0,174887584.0,589701312.0
0.3675985932350158,0.904163122177124,-0.1270907074213028,-748217408.0,-688404288.0,-90988392.0,333035808.0
0.3705286383628845,0.9099010825157166,-0.1270907074213028,-817968576.0,-604285184.0,-343408896.0,27543262.0
0.3734586834907532,0.9158833026885986,-0.1280673891305923,-767868928.0,-431615456.0,-545406336.0,-282026368.0
0.3718715608119964,0.9164937138557434,-0.1247710883617401,-605302784.0,-195600960.0,-667457152.0,-550246528.0
0.372726172208786,0.9113661050796508,-0.1325845420360565,-353955264.0,69080592.0,-691780800.0,-737769856.0
0.3755341172218323,0.9158833026885986,-0.1457697451114654,-43248860.0,329441376.0,-611728640.0,-817500736.0
0.3749237060546875,0.9245513081550598,-0.1414967626333236,267218768.0,534891360.0,-442875264.0,-774124288.0
0.3741911947727203,0.9201562404632568,-0.1333170533180236,538426240.0,661913920.0,-209045776.0,-617404672.0
0.3757782876491546,0.919667899608612,-0.1363691836595535,730759232.0,691990272.0,55407936.0,-370124128.0
0.3810279667377472,0.925650119781494,-0.1416188478469848,815987776.0,620732800.0,311587968.0,-68477368.0
