0.4507386088371277,0.947625458240509,-0.05493834614753723,-886926848.0,214875088.0,520471232.0,-221857248.0
0.4705164134502411,0.9373703002929688,-0.0720302760601043,-1026061184.0,161438224.0,272030976.0,7541155.0
0.4554999470710754,1.0010987520217896,-0.1029178351163864,-1067652928.0,56019724.0,50632252.0,85655592.0
0.508607029914856,1.0339397192001345,-0.0419973134994506,-1063810176.0,-31586730.0,-141112320.0,17859466.0
0.4926138520240783,1.060798406600952,-0.0815529227256774,-1008591104.0,-77990736.0,-319046784.0,-166709712.0
0.4876083433628082,1.104138731956482,-0.0632401406764984,-863744320.0,-65553712.0,-467923264.0,-428506400.0
0.4821145236492157,1.1373459100723269,-0.026492491364479,-610600768.0,22590156.0,-554305472.0,-687257792.0
0.4756439924240112,1.1010866165161133,-0.027102917432785,-281474304.0,171042832.0,-557177792.0,-856732736.0
0.4766206741333008,1.0916860103607178,-0.0310096442699432,77391072.0,337868064.0,-469839904.0,-901125824.0
0.4718593657016754,1.0577462911605835,-0.003784641623497,401556992.0,471270528.0,-311400768.0,-820126272.0
0.4547674357891083,1.0271029472351074,-0.0092784762382507,661673856.0,551771712.0,-105353224.0,-632105856.0
0.4489073455333709,1.0075693130493164,-0.011353924870491,831900800.0,561115136.0,120029312.0,-362774464.0
0.4547674357891083,1.02099871635437,-0.0357709676027298,891918912.0,494975648.0,332511712.0,-42862840.0
0.4591625034809112,1.028689980506897,-0.0198998898267745,832739136.0,354549856.0,503024256.0,284126880.0
0.4556220173835754,1.017824411392212,-0.0064705163240432,659480768.0,156785120.0,606127552.0,570994240.0
0.4907825589179992,0.9989012479782104,-0.0632401406764984,385425632.0,-72402576.0,625695424.0,779507328.0
0.5205713510513306,0.9801000952720642,-0.0481015741825103,63617512.0,-287850848.0,553697856.0,871455616.0
0.5222805738449097,0.993773639202118,-0.0213649123907089,-263517872.0,-464679648.0,402363264.0,840033600.0
0.5156879425048828,0.9899889826774596,-0.0094005614519119,-550342464.0,-578315328.0,193927968.0,691366784.0
0.5205713510513306,0.947991669178009,-0.0406543761491775,-758367424.0,-613827776.0,-42353588.0,446342912.0
0.5259431004524231,0.9792454838752748,-0.0540837496519088,-861059712.0,-564081536.0,-272775808.0,137488144.0
0.5078744888305664,0.9814430475234984,-0.0583567321300506,-840722368.0,-428331328.0,-472779744.0,-197785104.0
0.4981076717376709,0.9614210724830629,-0.0973019152879715,-698048064.0,-233160688.0,-603074368.0,-497581984.0
0.4948113858699798,0.9352948069572448,-0.1156146973371505,-455513280.0,-855898.0,-648663424.0,-724337088.0
0.4622146189212799,0.9362714886665344,-0.0924185067415237,-149843184.0,235620928.0,-600557632.0,-845151936.0
0.4255890548229217,0.9317543506622314,-0.0761811733245849,174149920.0,441535776.0,-465229472.0,-843327360.0
0.401049941778183,0.9232084155082704,-0.0738615542650222,470793280.0,586282304.0,-262122544.0,-720305472.0
0.3851788640022278,0.889390766620636,-0.0741057246923446,697948608.0,648613568.0,-19063966.0,-494698208.0
0.3697961270809173,0.8815773129463196,-0.1037724316120147,824739648.0,617287552.0,235134976.0,-190771184.0
0.3619826734066009,0.8973263502120972,-0.1082895845174789,827951936.0,496584832.0,450103744.0,135008368.0
0.3544133901596069,0.9276034832000732,-0.1239164918661117,710777536.0,303193664.0,601219200.0,440824032.0
0.3619826734066009,0.9337077140808104,-0.1551703065633773,490061600.0,65048968.0,666491008.0,681409920.0
0.3697961270809173,0.91319739818573,-0.1761689633131027,199101904.0,-184025200.0,635986176.0,821545024.0
0.3718715608119964,0.9099010825157166,-0.1726284921169281,-119303056.0,-407286400.0,513332512.0,842196992.0
0.3588084578514099,0.9053839445114136,-0.1761689633131027,-419315648.0,-572871104.0,316147616.0,740921920.0
0.3494078814983368,0.9117323756217957,-0.1703088730573654,-662912704.0,-656803840.0,65608600.0,527041248.0
0.352093756198883,0.8930533528327942,-0.1803198605775833,-803981824.0,-642720832.0,-189356960.0,239976208.0
0.3530704379081726,0.8687583804130554,-0.1485777050256729,-828786432.0,-533304672.0,-418370752.0,-81158064.0
0.3403735756874084,0.8721767663955688,-0.1447930634021759,-732698368.0,-345212128.0,-587342784.0,-389784160.0
0.351971685886383,0.9315102100372314,-0.1551703065633773,-529176864.0,-107318864.0,-670137088.0,-642099904.0
0.3672323226928711,0.9317543506622314,-0.1502868980169296,-248898656.0,146477568.0,-654916544.0,-800374720.0
0.3756562173366546,0.9359052777290344,-0.1595653742551803,67237512.0,378809440.0,-544787776.0,-841492928.0
0.3871322274208069,0.9405444860458374,-0.146136000752449,379739296.0,559355968.0,-349547328.0,-757401536.0
0.3845684230327606,0.9377365112304688,-0.1463801711797714,629761536.0,653608768.0,-107786192.0,-563471040.0
0.3936027288436889,0.9360273480415344,-0.139177143573761,788870848.0,652151936.0,150051552.0,-287726624.0
0.3943352401256561,0.9255279898643494,-0.1338053941726684,833438336.0,554753344.0,386853120.0,29923870.0
0.3983640670776367,0.9008668065071106,-0.154315710067749,755749568.0,376043232.0,568036032.0,343060672.0
0.3932364881038666,0.9072152376174928,-0.1059699654579162,568660160.0,140513840.0,665650624.0,605567680.0
0.3774874806404114,0.9243071675300598,-0.0865584164857864,292424288.0,-123049664.0,664616640.0,781378944.0
0.377243310213089,0.9421315789222716,-0.0920522511005401,-21077584.0,-361966336.0,565989504.0,837325184.0
0.3780979216098785,0.9190574884414672,-0.1012086421251297,-330782976.0,-548687488.0,385082464.0,770816256.0
0.3826150596141815,0.9160053730010986,-0.106458306312561,-592123328.0,-655704320.0,148213760.0,591942592.0
0.3816383779048919,0.9289463758468628,-0.0949822962284088,-767327680.0,-667019520.0,-110586320.0,327086176.0
0.3807837963104248,0.943474531173706,-0.1113417148590087,-830524800.0,-581266496.0,-353662912.0,14210615.0
0.3871322274208069,0.9390794634819032,-0.1554144769906997,-771647936.0,-411056992.0,-545784768.0,-301051648.0
0.3865217864513397,0.9230862855911256,-0.1406421661376953,-595260096.0,-172674560.0,-660097344.0,-577097856.0
0.3662556409835815,0.941277027130127,-0.0992552787065506,-335086464.0,86813160.0,-673467392.0,-761277696.0
0.3586863577365875,0.9254059195518494,-0.1418630182743072,-25743804.0,334152576.0,-589098816.0,-832804544.0
0.3656452298164367,0.9095348715782166,-0.1380783766508102,286954272.0,532778848.0,-418273344.0,-782159104.0
0.3507508337497711,0.8931754231452942,-0.0798437297344207,556708352.0,653501824.0,-184451440.0,-617988992.0
0.3291417360305786,0.9200341701507568,-0.0576242208480834,744543552.0,678391488.0,77115024.0,-363888288.0
0.329385906457901,0.9361494183540344,-0.0745940655469894,823179264.0,603945536.0,327707200.0,-56170652.0
0.3365889489650726,0.932731032371521,-0.097668170928955,778302208.0,435603904.0,534978624.0,266860032.0
0.3480649590492248,0.9120986461639404,-0.1143938452005386,618161856.0,206046752.0,658249920.0,543184384.0
0.3606397211551666,0.917714536190033,-0.1090220957994461,367055584.0,-54322744.0,684287872.0,739588288.0
0.3702844679355621,0.9003784656524658,-0.0986448526382446,62385080.0,-306958912.0,609261888.0,826804544.0
0.3700402975082397,0.9030643105506896,-0.0752044916152954,-250857744.0,-514350848.0,444192064.0,792545600.0
0.3669881522655487,0.9013551473617554,-0.0826516896486282,-526926528.0,-646231360.0,214104832.0,641727424.0
0.3657673001289367,0.9224758744239808,-0.0570137947797775,-729100032.0,-682443200.0,-54154336.0,390734240.0
0.3611280620098114,0.9333414435386658,-0.0318642407655715,-818763200.0,-616384192.0,-308145312.0,87551912.0
0.3688194453716278,0.9241850972175598,-0.0476132333278656,-788335936.0,-460404800.0,-517067680.0,-228290208.0
0.3866438865661621,0.9360273480415344,-0.0463923811912536,-642790976.0,-237216656.0,-650070464.0,-510762144.0
0.389085590839386,0.9424978494644164,-0.0355267971754074,-403635424.0,20968962.0,-688042816.0,-718440960.0
0.3979977965354919,0.9500671625137328,-0.059211328625679,-105506632.0,275743008.0,-625986688.0,-820911936.0
0.4120376110076904,0.9417653679847716,-0.0766695141792297,208138064.0,490279456.0,-472773440.0,-803561664.0
0.4189964532852173,0.932853102684021,-0.0820412635803222,497197472.0,635842176.0,-244268768.0,-664645504.0
0.4166768491268158,0.9179587364196776,-0.0964473187923431,706462528.0,684500992.0,15094338.0,-430189248.0
0.4097179770469665,0.9114882349967957,-0.082529604434967,812516544.0,632940224.0,272787488.0,-133086552.0
0.3860334455966949,0.908558189868927,-0.0545720905065536,799835392.0,488090272.0,491378880.0,183028784.0
0.3738249242305755,0.921743392944336,-0.0731290429830551,669687296.0,271687552.0,638391104.0,472316704.0
0.3744353652000427,0.9356610774993896,-0.0971798300743103,440987840.0,15563952.0,692124096.0,692223424.0
0.3673544228076935,0.926016330718994,-0.0865584164857864,148073296.0,-243341456.0,644237824.0,810393984.0
0.3657673001289367,0.9207667112350464,-0.0850933939218521,-173392960.0,-471545984.0,497353024.0,808171264.0
0.3630814254283905,0.9341960549354552,-0.121596872806549,-462280544.0,-624885632.0,281170208.0,685331648.0
0.3696740269660949,0.9365156888961792,-0.1427176147699356,-683383744.0,-687013888.0,24113656.0,461885952.0
0.3706507086753845,0.9442070722579956,-0.1264802813529968,-804587136.0,-648364160.0,-236651552.0,170824464.0
0.3633255958557129,0.9332193732261658,-0.1159809529781341,-807843072.0,-514566080.0,-463150208.0,-144998848.0
0.3544133901596069,0.9120986461639404,-0.0824075192213058,-693083008.0,-304795392.0,-622064576.0,-438968032.0
0.357587605714798,0.9109998941421508,-0.0987669378519058,-476611392.0,-50613720.0,-690199552.0,-668450368.0
0.3710169792175293,0.9216212630271912,-0.0927847623825073,-183277040.0,217188576.0,-655042240.0,-801922560.0
0.3732145130634308,0.9112440347671508,-0.0854596495628357,130776880.0,446701440.0,-523630208.0,-813688000.0
0.3732145130634308,0.9051398038864136,-0.0872909277677536,425442816.0,610912384.0,-315746624.0,-706406464.0
0.3762666285037994,0.9040409922599792,-0.102063238620758,657846976.0,686019008.0,-61868992.0,-495690496.0
0.3783420920372009,0.9018434882164,-0.1069466471672058,794094272.0,660846208.0,201231776.0,-212423776.0
0.3788304328918457,0.9225979447364808,-0.0940056145191192,814307264.0,538838400.0,434842624.0,101932432.0
0.3754120469093323,0.923818826675415,-0.0933951884508133,711646848.0,332073504.0,608280000.0,407679872.0
0.3711390495300293,0.9168599843978882,-0.1025515794754028,505547808.0,80807208.0,687842880.0,646285696.0
0.375900387763977,0.9276034832000732,-0.0933951884508133,225459248.0,-182380352.0,666450944.0,790360768.0
0.3751678764820099,0.9204004406929016,-0.089488461613655,-87549408.0,-419124992.0,547331968.0,818546624.0
0.3754120469093323,0.923696756362915,-0.0874130129814148,-387648704.0,-594414080.0,348051328.0,726761408.0
0.3700402975082397,0.9112440347671508,-0.0832621157169342,-630731776.0,-682747200.0,97651736.0,528601312.0
0.3675985932350158,0.917470395565033,-0.089488461613655,-781396352.0,-671168448.0,-167049488.0,252920128.0
0.3744353652000427,0.9421315789222716,-0.0929068475961685,-817064960.0,-557353472.0,-412486912.0,-67364928.0
0.3718715608119964,0.9438408017158508,-0.0931510180234909,-730648896.0,-363504704.0,-591199360.0,-370703776.0
0.3635697662830353,0.9406665563583374,-0.069954827427864,-537439744.0,-115828840.0,-683229824.0,-619564992.0
0.3628372550010681,0.9273592829704284,-0.0874130129814148,-265400640.0,148734368.0,-675429888.0,-777275072.0
0.3732145130634308,0.9338297843933104,-0.0946160405874252,45652848.0,391280608.0,-568819968.0,-821085056.0
0.3796850144863128,0.9401782155036926,-0.0728848725557327,350038784.0,576393024.0,-378595136.0,-744869888.0
0.3718715608119964,0.9101452827453612,-0.0609205216169357,602731392.0,677296128.0,-132547080.0,-559765696.0
0.3718715608119964,0.9225979447364808,-0.0750824064016342,769704000.0,677857728.0,139330592.0,-285610240.0
0.3788304328918457,0.9287022352218628,-0.0669026970863342,819076608.0,577760768.0,384183456.0,25111944.0
0.3774874806404114,0.9178366661071776,-0.0715419352054596,748320384.0,393070816.0,572901952.0,331989152.0
0.3740690946578979,0.9141740798950196,-0.0732511281967163,567912768.0,150731456.0,677863872.0,590065408.0
0.3730924129486084,0.9163716435432434,-0.0660481005907058,304507648.0,-113767304.0,683553984.0,761582272.0
0.3711390495300293,0.917348325252533,-0.0607984364032745,-3315855.0,-361722656.0,589147968.0,821566720.0
0.3696740269660949,0.9099010825157166,-0.0650714188814163,-317249344.0,-560824256.0,403209856.0,758401152.0
0.3726040720939636,0.9149066209793092,-0.0708094239234924,-577427968.0,-672331840.0,162115552.0,584112064.0
0.3701623678207397,0.930899739265442,-0.0738615542650222,-753227968.0,-685445056.0,-102721240.0,324318624.0
0.3694298565387726,0.9350506663322448,-0.0826516896486282,-818828160.0,-598169408.0,-352629440.0,16964744.0
0.3658894002437591,0.9190574884414672,-0.0830179452896118,-764509504.0,-423148960.0,-551142272.0,-292632544.0
0.3662556409835815,0.9206445813179016,-0.1191551685333252,-597733760.0,-186458080.0,-669294016.0,-559387904.0
0.3705286383628845,0.9230862855911256,-0.1200097650289535,-343450048.0,77598352.0,-689317248.0,-744166528.0
0.3690636157989502,0.932486891746521,-0.1125625669956207,-31532760.0,336284160.0,-604933184.0,-820302400.0
0.3695519566535949,0.9243071675300598,-0.090709313750267,278184736.0,539136192.0,-432557760.0,-773149824.0
0.3643022775650024,0.9180808067321776,-0.0996215343475341,546961664.0,663164544.0,-196997152.0,-612502528.0
0.3710169792175293,0.9310218691825868,-0.1060920506715774,735843392.0,689862528.0,67332456.0,-361955808.0
0.3783420920372009,0.9367598295211792,-0.0994994491338729,817032512.0,615207552.0,321704416.0,-58355216.0
0.3785862624645233,0.910511553287506,-0.0864363312721252,778490624.0,450094048.0,529149504.0,253554784.0
0.3788304328918457,0.9063606262207032,-0.0732511281967163,625878144.0,218919104.0,659052416.0,528131008.0
0.3809058666229248,0.9100232124328612,-0.0971798300743103,374734272.0,-50852096.0,692090240.0,728643200.0
0.3893297612667084,0.9199120998382568,-0.1012086421251297,73197816.0,-306661152.0,621768512.0,816655616.0
0.3912831246852875,0.9084360599517822,-0.0882676094770431,-238886416.0,-517588000.0,460157760.0,784991872.0
0.384690523147583,0.9035526514053344,-0.0794774740934372,-515741216.0,-652735616.0,230985152.0,638368640.0
0.384690523147583,0.9097790122032166,-0.089488461613655,-717026624.0,-692339264.0,-31933648.0,398046368.0
0.3816383779048919,0.9053839445114136,-0.0776461958885192,-813224256.0,-630417088.0,-290252352.0,99577696.0
0.3730924129486084,0.9025759696960448,-0.0776461958885192,-788266176.0,-471244192.0,-510784480.0,-220422464.0
0.3697961270809173,0.9223538041114808,-0.0524966418743133,-647137920.0,-245789568.0,-650328576.0,-500793600.0
0.3617385029792785,0.9243071675300598,-0.0493224263191223,-411459200.0,15772556.0,-694653632.0,-707693760.0
0.3617385029792785,0.928335964679718,-0.0739836394786834,-115314904.0,274897952.0,-637580480.0,-810892224.0
0.3662556409835815,0.932853102684021,-0.0644609928131103,197617600.0,493681120.0,-487085280.0,-795547392.0
0.360883891582489,0.9160053730010986,-0.0811866670846939,481431584.0,640474944.0,-265250288.0,-663761472.0
0.3671102523803711,0.9273592829704284,-0.0804541558027267,694954112.0,693439808.0,-4626023.0,-434833472.0
0.3697961270809173,0.9234525561332704,-0.0959589779376983,807826816.0,642714176.0,262804848.0,-134868144.0
0.3721157312393188,0.9234525561332704,-0.1047491133213043,798408512.0,498163840.0,485149248.0,178684864.0
0.3666219115257263,0.9316322803497314,-0.0968135744333267,672123712.0,280467456.0,636549120.0,466169920.0
0.3549017310142517,0.9335856437683104,-0.07874496281147,447687712.0,21366816.0,694609088.0,685243648.0
0.3490416407585144,0.9406665563583374,-0.0920522511005401,157627840.0,-240779376.0,651152320.0,803804032.0
0.3522158563137054,0.9345623254776,-0.0882676094770431,-155523904.0,-467697440.0,512348608.0,804668800.0
0.3525820970535278,0.9470149874687196,-0.0949822962284088,-445916032.0,-626044864.0,298693280.0,687699456.0
0.3544133901596069,0.9514100551605223,-0.1139055043458938,-675242432.0,-693323328.0,34811508.0,463745696.0
0.3603955507278442,0.9465266466140748,-0.1034061759710311,-799599616.0,-656186624.0,-228122096.0,175901520.0
0.3599072098731994,0.925650119781494,-0.090709313750267,-806962112.0,-522695968.0,-457827104.0,-137538864.0
0.3622268438339233,0.9229642152786256,-0.1079233288764953,-695984448.0,-312804384.0,-620503040.0,-430878784.0
0.3657673001289367,0.9385911226272584,-0.0947381258010864,-483133152.0,-57153020.0,-692132672.0,-661203264.0
0.3660114705562591,0.928335964679718,-0.0980344265699386,-199547344.0,206955264.0,-662450880.0,-794626112.0
0.3705286383628845,0.939689874649048,-0.1098766922950744,113521776.0,440680096.0,-535897120.0,-811572352.0
0.3740690946578979,0.932731032371521,-0.10328409075737,416252576.0,613014400.0,-324902624.0,-705908544.0
0.3749237060546875,0.9376144409179688,-0.1075570732355117,650747712.0,690536384.0,-70622704.0,-497615200.0
0.383469671010971,0.9389573931694032,-0.1219631284475326,789859328.0,666882944.0,193888512.0,-216143856.0
0.3857892751693725,0.9265046715736388,-0.1106092035770416,813133888.0,545313600.0,430085952.0,96922248.0
0.3843242526054382,0.9315102100372314,-0.1117079704999923,717054208.0,343825184.0,603227456.0,395797376.0
0.387986809015274,0.9373703002929688,-0.1052374541759491,515813632.0,92042720.0,687808128.0,636636352.0
0.3871322274208069,0.917348325252533,-0.0877792686223983,232134576.0,-179962272.0,669747136.0,786185344.0
0.3863997161388397,0.9191795587539672,-0.0955927222967147,-79928952.0,-418868832.0,553021120.0,815628224.0
0.3874984681606293,0.9205225110054016,-0.0874130129814148,-380212000.0,-596310208.0,355251968.0,725651776.0
0.3823708891868591,0.9312660098075868,-0.0776461958885192,-624912704.0,-686300480.0,105233648.0,529455456.0
0.3805396258831024,0.9249175786972046,-0.0728848725557327,-778038592.0,-675584128.0,-160330832.0,255846816.0
0.3780979216098785,0.9250396490097046,-0.0890001207590103,-817050880.0,-565975360.0,-402440704.0,-55341880.0
0.3796850144863128,0.9207667112350464,-0.0962031483650207,-736224768.0,-373388256.0,-585644928.0,-358463136.0
0.3798071146011352,0.9160053730010986,-0.101452812552452,-541874624.0,-119418296.0,-684223488.0,-613898112.0
0.3751678764820099,0.915761172771454,-0.0994994491338729,-271137600.0,146419056.0,-679141568.0,-772485696.0
0.3666219115257263,0.9057502150535583,-0.1082895845174789,39330644.0,391004416.0,-574574144.0,-817529664.0
0.3633255958557129,0.917470395565033,-0.0997436195611953,343971008.0,578193472.0,-385674784.0,-742665920.0
0.3610059916973114,0.9228421449661256,-0.106458306312561,598155328.0,680641728.0,-140259456.0,-558735936.0
0.3596630394458771,0.921987533569336,-0.0936393588781356,764607296.0,683083648.0,125877520.0,-292999552.0
0.3570992648601532,0.910877764225006,-0.0778903663158416,818933632.0,585164096.0,373651872.0,15378850.0
0.3540471196174621,0.906726896762848,-0.0745940655469894,750270272.0,395921664.0,570605760.0,328132768.0
0.3596630394458771,0.9180808067321776,-0.079355388879776,571678528.0,152473424.0,678252544.0,585517312.0
0.3619826734066009,0.9124649167060852,-0.0731290429830551,309392800.0,-113422936.0,686393344.0,757097792.0
0.356366753578186,0.9055060148239136,-0.07874496281147,1808231.0,-362891776.0,593875968.0,817642432.0
0.3600293099880218,0.9144182801246644,-0.073739469051361,-305971040.0,-558984256.0,414207776.0,758466688.0
0.3611280620098114,0.9014772176742554,-0.0850933939218521,-568864768.0,-673304704.0,173791024.0,588023680.0
0.3674764931201935,0.9141740798950196,-0.0925405919551849,-751339904.0,-688038528.0,-98422576.0,324539424.0
0.3644243776798248,0.9205225110054016,-0.0759370028972625,-818378176.0,-600465088.0,-349672960.0,18684092.0
0.3583201169967651,0.9208887815475464,-0.0782566219568252,-765501312.0,-424985344.0,-549824384.0,-289844544.0
0.3624710142612457,0.9321206212043762,-0.0879013538360595,-600408768.0,-187492976.0,-669425280.0,-556009920.0
0.3662556409835815,0.9390794634819032,-0.0955927222967147,-347259008.0,77359560.0,-691030144.0,-740827584.0
0.3678427636623382,0.9448174834251404,-0.0981565117835998,-43129672.0,330904384.0,-611378176.0,-817178304.0
0.3701623678207397,0.941521167755127,-0.1047491133213043,267329184.0,535930688.0,-442222592.0,-773740288.0
0.3713832199573517,0.9359052777290344,-0.1003540456295013,544126208.0,664454976.0,-201820960.0,-612058880.0
0.3688194453716278,0.9293126463890076,-0.0933951884508133,734134848.0,691515776.0,63017908.0,-363045632.0
0.3739470243453979,0.9339519143104552,-0.0964473187923431,816587072.0,617234944.0,318487552.0,-60776216.0
0.3839580118656158,0.9363936185836792,-0.1209864467382431,779159552.0,452802304.0,527246048.0,250626288.0
0.3893297612667084,0.925772190093994,-0.1115858852863311,627638912.0,221918656.0,658710208.0,525208352.0
0.3827371597290039,0.9188133478164672,-0.0954706370830535,384276064.0,-41748176.0,693584704.0,722807552.0
0.3888414204120636,0.9225979447364808,-0.1075570732355117,84438128.0,-299142464.0,626902016.0,814431936.0
0.3939689993858337,0.9230862855911256,-0.0897326320409774,-234787072.0,-517102752.0,463267040.0,784719680.0
0.3823708891868591,0.9234525561332704,-0.0820412635803222,-512152448.0,-653456384.0,234629568.0,639190976.0
0.3855451047420501,0.9269930124282836,-0.1046270281076431,-714425984.0,-694170112.0,-28111720.0,399818144.0
0.3903064429759979,0.9190574884414672,-0.0997436195611953,-812097280.0,-633065792.0,-286820608.0,101888024.0
0.3877426385879516,0.928458034992218,-0.0903430581092834,-790829056.0,-479128864.0,-503440000.0,-210937328.0
0.3813942074775696,0.9210108518600464,-0.0820412635803222,-653746944.0,-254838336.0,-646362880.0,-492756416.0
0.3744353652000427,0.917714536190033,-0.0886338651180267,-420844704.0,6718816.0,-694748928.0,-702203712.0
0.3795629441738128,0.9213771224021912,-0.1060920506715774,-118805616.0,273319808.0,-638951744.0,-809841728.0
0.3810279667377472,0.9339519143104552,-0.0977902561426162,194407376.0,493128736.0,-489640672.0,-795112128.0
0.3743132650852203,0.9265046715736388,-0.1005982160568237,479116608.0,640862784.0,-268426816.0,-663785152.0
0.3762666285037994,0.9095348715782166,-0.1031620055437088,693467776.0,694702784.0,-7766813.0,-435145600.0
0.3717494904994964,0.9123427867889404,-0.0975460857152938,806116608.0,646659392.0,254065232.0,-142758608.0
0.3675985932350158,0.9142961502075196,-0.0888780355453491,800616960.0,503721280.0,478679072.0,170485120.0
0.3618605732917785,0.917348325252533,-0.0957148075103759,673492992.0,280857824.0,635940736.0,464786976.0
0.3613722324371338,0.9184470772743224,-0.0936393588781356,449093024.0,21473860.0,695211520.0,683708160.0
0.3603955507278442,0.917470395565033,-0.0865584164857864,158969232.0,-241080832.0,652477376.0,802373760.0
0.3547796308994293,0.9167378544807434,-0.0837504565715789,-154349456.0,-468355680.0,514086336.0,803402752.0
0.3574655055999756,0.9142961502075196,-0.0874130129814148,-445067200.0,-626998080.0,300329600.0,686667456.0
0.3643022775650024,0.9112440347671508,-0.0925405919551849,-670503616.0,-693734528.0,42735408.0,469310656.0
0.3647906184196472,0.9118544459342957,-0.0924185067415237,-797703744.0,-658897792.0,-221089920.0,183202448.0
0.3621047437191009,0.9112440347671508,-0.0754486620426178,-806947072.0,-523011232.0,-457702208.0,-136842336.0
0.3643022775650024,0.9074593782424928,-0.105847880244255,-695918912.0,-313200704.0,-621190016.0,-429705280.0
0.3710169792175293,0.917470395565033,-0.0971798300743103,-482982464.0,-57632044.0,-693608960.0,-659723136.0
0.3628372550010681,0.9114882349967957,-0.0830179452896118,-199560912.0,206555328.0,-664471872.0,-793037824.0
0.3691856861114502,0.9250396490097046,-0.1156146973371505,113344816.0,440325600.0,-538505792.0,-810061312.0
0.3761445581912994,0.925650119781494,-0.1023074090480804,409767616.0,609562816.0,-333489472.0,-708681856.0
0.3704065382480621,0.9343181252479552,-0.0883896946907043,646248640.0,689397952.0,-79366464.0,-503701920.0
0.3732145130634308,0.9404224157333374,-0.1035282611846923,790143680.0,666355648.0,192779696.0,-217716656.0
0.3767549693584442,0.9229642152786256,-0.0920522511005401,813760896.0,544783808.0,430145856.0,94338992.0
0.3738249242305755,0.9057502150535583,-0.0893663763999939,718048768.0,343318016.0,604585024.0,392348224.0
0.3822488188743591,0.9120986461639404,-0.1125625669956207,516771232.0,91922280.0,690536832.0,632912448.0
0.3884751498699188,0.923818826675415,-0.1034061759710311,239674592.0,-172866496.0,675233664.0,780803584.0
0.3840800821781158,0.9268709421157836,-0.1179343163967132,-72531504.0,-412310912.0,561190272.0,814079744.0
0.3826150596141815,0.932731032371521,-0.1183005720376968,-380710976.0,-594826432.0,359164416.0,724681408.0
0.3737028539180755,0.9333414435386658,-0.0991331934928894,-625629760.0,-684904192.0,108367504.0,529784480.0
0.372726172208786,0.9294347167015076,-0.1023074090480804,-778821120.0,-674621504.0,-158260304.0,257291024.0
0.3734586834907532,0.937004029750824,-0.1041386872529983,-817969536.0,-565465728.0,-401602816.0,-53019008.0
0.3712611496448517,0.930899739265442,-0.0828958600759506,-737460416.0,-373209984.0,-586049728.0,-355434400.0
0.3677206635475158,0.9254059195518494,-0.08692467212677,-548819904.0,-126252408.0,-684693888.0,-605782848.0
0.372726172208786,0.9279696941375732,-0.1007203012704849,-279619104.0,139009280.0,-683067136.0,-767352832.0
0.3733365833759308,0.939689874649048,-0.0942497849464416,37971052.0,389428032.0,-577577472.0,-816228992.0
0.3721157312393188,0.9345623254776,-0.0981565117835998,343025184.0,576393280.0,-388865952.0,-742838656.0
0.3740690946578979,0.928335964679718,-0.1053595393896102,597789696.0,678939776.0,-143214608.0,-560445632.0
0.3724820017814636,0.9168599843978882,-0.0875350981950759,764881344.0,681847232.0,123567360.0,-296130912.0
0.3645464479923248,0.9111219644546508,-0.0893663763999939,819742656.0,584956416.0,372340544.0,11489376.0
0.3705286383628845,0.928091824054718,-0.1003540456295013,754463360.0,402573120.0,566365888.0,317602080.0
0.3718715608119964,0.9243071675300598,-0.0843608826398849,578833088.0,160933088.0,677310464.0,577256320.0
0.3673544228076935,0.9168599843978882,-0.097668170928955,311486272.0,-110949624.0,688133248.0,755023552.0
0.3741911947727203,0.9150286912918092,-0.0994994491338729,3639094.0,-359991872.0,596747328.0,816827264.0
0.3715053200721741,0.919301688671112,-0.0877792686223983,-304681312.0,-556312448.0,417755936.0,759004096.0
0.3705286383628845,0.924062967300415,-0.0991331934928894,-568333120.0,-671139584.0,177644192.0,589858560.0
0.3769991397857666,0.9244292378425598,-0.1211085319519043,-748687296.0,-687739776.0,-88267696.0,334083360.0
0.3793187737464905,0.9273592829704284,-0.0962031483650207,-819541568.0,-603274304.0,-341273344.0,29424576.0
0.3697961270809173,0.9097790122032166,-0.0992552787065506,-770243072.0,-430379104.0,-544425984.0,-279322976.0
0.3735807538032532,0.919667899608612,-0.1130509078502655,-602942912.0,-188242144.0,-669680704.0,-552697088.0
0.3785862624645233,0.915639102458954,-0.1113417148590087,-349644896.0,76228552.0,-692785216.0,-738178688.0
0.3810279667377472,0.9199120998382568,-0.1208643615245819,-45035252.0,329435072.0,-614428544.0,-815379328.0
0.3837138414382934,0.9151507616043092,-0.1117079704999923,266142080.0,534388288.0,-445905792.0,-773102272.0
0.3796850144863128,0.904407262802124,-0.1069466471672058,538075200.0,661139456.0,-212023440.0,-617525120.0
0.3800512850284576,0.9090465307235718,-0.1120742261409759,731074816.0,691201856.0,52692356.0,-371368640.0
0.3809058666229248,0.9116103053092957,-0.10328409075737,817615552.0,617054272.0,315637248.0,-63588036.0
0.3801733553409576,0.919545829296112,-0.1059699654579162,781042752.0,453344640.0,525685248.0,247037136.0
0.38029545545578,0.9250396490097046,-0.1076791584491729,630101952.0,223290528.0,658765824.0,521595584.0
0.3766328990459442,0.908558189868927,-0.1043828576803207,387036928.0,-39717600.0,695346752.0,719749504.0
0.3749237060546875,0.9103894233703612,-0.0991331934928894,87330392.0,-297002112.0,629939904.0,812564096.0
0.3810279667377472,0.9149066209793092,-0.0953485518693924,-225162832.0,-510695584.0,472204992.0,786406784.0
0.3794408440589905,0.9216212630271912,-0.1007203012704849,-504773632.0,-649597888.0,245229200.0,644988608.0
0.3729703426361084,0.9190574884414672,-0.1086558401584625,-713956864.0,-693180608.0,-24413448.0,402606176.0
0.3743132650852203,0.9266268014907836,-0.1217189580202102,-812554112.0,-633139072.0,-284038272.0,105520016.0
0.38041752576828,0.9359052777290344,-0.1157367825508117,-792098304.0,-480240896.0,-501945696.0,-207173696.0
0.3787083327770233,0.9276034832000732,-0.1161030381917953,-655575616.0,-256687136.0,-646283072.0,-489460896.0
0.3785862624645233,0.952020525932312,-0.105847880244255,-422922304.0,4626468.0,-695542464.0,-700183872.0
0.3779758214950561,0.9376144409179688,-0.1002319604158401,-128405072.0,265419024.0,-642538752.0,-808164800.0
0.3748016059398651,0.9201562404632568,-0.1015748977661132,184941440.0,487435168.0,-495070944.0,-797514816.0
0.3744353652000427,0.9141740798950196,-0.1043828576803207,477072992.0,640534912.0,-268805248.0,-665418368.0
0.3744353652000427,0.91319739818573,-0.0955927222967147,691857600.0,694967808.0,-7930097.0,-437277280.0
0.372848242521286,0.9168599843978882,-0.0903430581092834,805039872.0,647501056.0,254107712.0,-144927344.0
0.3757782876491546,0.9031864404678344,-0.1053595393896102,799877376.0,505316032.0,478879904.0,168663616.0
0.3794408440589905,0.9123427867889404,-0.1091441810131073,677324672.0,289092032.0,633344128.0,457661216.0
0.3793187737464905,0.9468929171562196,-0.0965694040060043,455382752.0,30569636.0,694741632.0,679667328.0
0.3751678764820099,0.9301672577857972,-0.089488461613655,159668032.0,-239011328.0,651792896.0,803409728.0
0.3722378313541412,0.9273592829704284,-0.0905872285366058,-153375472.0,-466969952.0,512849632.0,805184320.0
0.3823708891868591,0.9446954131126404,-0.0931510180234909,-444135392.0,-626088896.0,298664288.0,688823296.0
0.3859113752841949,0.9462825059890748,-0.0806983262300491,-669901632.0,-693019840.0,40383940.0,471429760.0
0.3779758214950561,0.910511553287506,-0.0843608826398849,-796925824.0,-658336576.0,-224091776.0,184950160.0
0.3765107989311218,0.8980588316917419,-0.0947381258010864,-806615168.0,-527273312.0,-455765600.0,-128662736.0
0.3820046484470367,0.9055060148239136,-0.1012086421251297,-697663808.0,-319201600.0,-620503360.0,-423405984.0
0.3815163075923919,0.9099010825157166,-0.0937614440917968,-480374272.0,-57670652.0,-694825024.0,-660344128.0
0.3790746033191681,0.9057502150535583,-0.08692467212677,-196578528.0,206296016.0,-664406464.0,-793904512.0
0.3757782876491546,0.917592465877533,-0.083140030503273,116072176.0,440015584.0,-536591168.0,-811113408.0
0.3812721371650696,0.9277255535125732,-0.0859479904174804,411805216.0,609032512.0,-330164832.0,-709512896.0
0.3818825483322143,0.919667899608612,-0.0955927222967147,647188800.0,688867968.0,-75382400.0,-503831936.0
0.3793187737464905,0.9190574884414672,-0.0775241106748581,787846336.0,667473152.0,190571456.0,-224458864.0
0.3762666285037994,0.9077035784721376,-0.0885117799043655,812925312.0,548280832.0,428663776.0,87803264.0
0.3787083327770233,0.9167378544807434,-0.1073129028081893,715045504.0,343211424.0,607251072.0,393806496.0
0.3871322274208069,0.9077035784721376,-0.1098766922950744,512988704.0,92018944.0,691715264.0,634686208.0
0.3861555457115173,0.9079477190971376,-0.0918080806732177,235904496.0,-172810208.0,674601856.0,782508480.0
0.383591741323471,0.917348325252533,-0.0837504565715789,-75637016.0,-412191264.0,558667456.0,815591552.0
0.3762666285037994,0.9050176739692688,-0.0814308375120163,-375890976.0,-591405440.0,360967584.0,729088128.0
0.3748016059398651,0.9225979447364808,-0.0882676094770431,-621123712.0,-683952448.0,110724656.0,535794656.0
0.3799291849136352,0.9332193732261658,-0.0877792686223983,-775676288.0,-676243392.0,-155713808.0,263999888.0
0.3794408440589905,0.9235746264457704,-0.0830179452896118,-816270784.0,-565443520.0,-404977824.0,-53759212.0
0.3789525032043457,0.9287022352218628,-0.0925405919551849,-734786816.0,-373382496.0,-588443712.0,-356832352.0
0.3806616961956024,0.9142961502075196,-0.0959589779376983,-545493952.0,-126477672.0,-685750720.0,-607541952.0
0.3793187737464905,0.908802330493927,-0.1086558401584625,-276166272.0,138926672.0,-682664512.0,-768974784.0
0.3832255005836487,0.9035526514053344,-0.0943718701601028,33566744.0,384013216.0,-579387264.0,-817703488.0
0.3780979216098785,0.9095348715782166,-0.0927847623825073,338330688.0,572852352.0,-391265120.0,-746462080.0
0.3796850144863128,0.9279696941375732,-0.0943718701601028,598599360.0,679011648.0,-139488480.0,-560434176.0
0.3741911947727203,0.921987533569336,-0.0893663763999939,764387456.0,682065600.0,127288128.0,-295326176.0
0.3749237060546875,0.9273592829704284,-0.0892442911863327,818201472.0,585211328.0,375265920.0,13075659.0
0.3782199919223785,0.9197900295257568,-0.0905872285366058,752154304.0,402572096.0,568303680.0,319612320.0
0.3757782876491546,0.924062967300415,-0.0898547172546386,575882048.0,160911344.0,678058368.0,579332096.0
0.3788304328918457,0.9271151423454284,-0.0926626771688461,315188736.0,-104237840.0,688436416.0,754166656.0
0.3827371597290039,0.9266268014907836,-0.0905872285366058,8278364.0,-354172768.0,597841152.0,818535616.0
0.3774874806404114,0.9319985508918762,-0.0918080806732177,-306656096.0,-556218176.0,414285984.0,760178880.0
0.3767549693584442,0.9184470772743224,-0.0920522511005401,-569170688.0,-671153216.0,173538096.0,590257664.0
0.3812721371650696,0.9160053730010986,-0.0971798300743103,-748334656.0,-687738304.0,-92637536.0,333692928.0
0.3844463527202606,0.9172261953353882,-0.1013307273387909,-817756800.0,-603577728.0,-345098752.0,28215052.0
0.3832255005836487,0.917714536190033,-0.0789891332387924,-767482432.0,-430713344.0,-547011520.0,-281347808.0
0.3815163075923919,0.9213771224021912,-0.0806983262300491,-604752768.0,-194774448.0,-668715200.0,-549616704.0
0.3867659568786621,0.923818826675415,-0.098278596997261,-353229888.0,69608136.0,-692498240.0,-737394752.0
0.3905506134033203,0.922109603881836,-0.0958368927240371,-42623236.0,329676512.0,-611652416.0,-817495872.0
0.387986809015274,0.9244292378425598,-0.0958368927240371,267561648.0,534857728.0,-442107200.0,-774468032.0
0.3887193202972412,0.9255279898643494,-0.0872909277677536,538537984.0,661645696.0,-207789360.0,-618018560.0
0.3856672048568725,0.9163716435432434,-0.0981565117835998,730524224.0,691679104.0,56949016.0,-370934944.0
0.3887193202972412,0.9289463758468628,-0.0883896946907043,815673216.0,620204288.0,313233920.0,-69497360.0
0.3793187737464905,0.919667899608612,-0.0898547172546386,781277248.0,457753376.0,523834048.0,242047664.0
0.3827371597290039,0.9294347167015076,-0.0990111082792282,627596992.0,221939264.0,659765760.0,523923360.0
0.3851788640022278,0.9171041250228882,-0.097668170928955,384018208.0,-41373312.0,694723840.0,721871552.0
0.3820046484470367,0.9142961502075196,-0.1016969829797744,84099920.0,-298644544.0,627953984.0,813839040.0
0.3843242526054382,0.9166157841682434,-0.0971798300743103,-228138336.0,-512094944.0,469117984.0,786486784.0
0.3782199919223785,0.91331946849823,-0.0975460857152938,-506771488.0,-650517120.0,241550944.0,643882560.0
0.3784641623497009,0.91295325756073,-0.102673664689064,-711134144.0,-693664896.0,-21311964.0,406920864.0
0.3761445581912994,0.9144182801246644,-0.0893663763999939,-811410624.0,-635061632.0,-281118720.0,110468800.0
0.3729703426361084,0.910755693912506,-0.0932731032371521,-790897152.0,-478652416.0,-504469824.0,-209296976.0
0.3766328990459442,0.9077035784721376,-0.0959589779376983,-653412544.0,-254926832.0,-647883136.0,-491155104.0
0.3761445581912994,0.9011109471321106,-0.0921743363142013,-420271936.0,6236845.0,-696375296.0,-700939008.0
0.3787083327770233,0.8975704908370972,-0.1038945168256759,-125451592.0,266557568.0,-642926080.0,-807945856.0
0.383591741323471,0.8978146910667419,-0.1045049428939819,187787792.0,487800704.0,-495317376.0,-796472512.0
0.3805396258831024,0.9118544459342957,-0.1023074090480804,473429664.0,637527680.0,-275285376.0,-668253120.0
0.3823708891868591,0.9164937138557434,-0.1153705269098281,689762304.0,693963008.0,-14977082.0,-441973440.0
0.3823708891868591,0.9186912178993224,-0.110853374004364,806377408.0,646213760.0,253825968.0,-143726048.0
0.3788304328918457,0.923818826675415,-0.0963252335786819,800868736.0,503559616.0,478817600.0,169387664.0
0.3762666285037994,0.917348325252533,-0.0828958600759506,678151168.0,286839136.0,633545536.0,457576096.0
0.38041752576828,0.9114882349967957,-0.0963252335786819,455971712.0,28293104.0,695443712.0,678652224.0
0.3889634907245636,0.9030643105506896,-0.1004761308431625,166872288.0,-234407632.0,655480576.0,800295808.0
0.3885972499847412,0.9184470772743224,-0.0802099853754043,-146546288.0,-462617728.0,519345184.0,804804992.0
0.3884751498699188,0.9167378544807434,-0.0990111082792282,-438527584.0,-623155840.0,307336992.0,691256704.0
0.3914051949977875,0.9150286912918092,-0.109632521867752,-670505728.0,-692990080.0,43761768.0,470311840.0
0.3906726837158203,0.9205225110054016,-0.0924185067415237,-798021632.0,-658474432.0,-220150032.0,184467664.0
0.3868880569934845,0.9265046715736388,-0.1080454140901565,-808505920.0,-527724416.0,-451890496.0,-128613984.0
0.3896960020065307,0.9417653679847716,-0.1007203012704849,-700670144.0,-319563360.0,-617228864.0,-422954688.0
0.3857892751693725,0.923818826675415,-0.0910755693912506,-490381600.0,-64246240.0,-692074560.0,-655250048.0
0.3871322274208069,0.923940896987915,-0.1037724316120147,-208089840.0,200404368.0,-665569920.0,-791501632.0
0.3865217864513397,0.9135636687278748,-0.0929068475961685,111873904.0,440959712.0,-537188480.0,-810795136.0
0.3807837963104248,0.9151507616043092,-0.0835062861442565,408178176.0,610575744.0,-332190112.0,-709337088.0
0.3806616961956024,0.9229642152786256,-0.0916859954595565,644803200.0,690766592.0,-78547688.0,-503807616.0
0.3818825483322143,0.9243071675300598,-0.0985227674245834,786856640.0,669799104.0,186493728.0,-224426880.0
0.3832255005836487,0.928458034992218,-0.091319739818573,813718016.0,550580480.0,424176256.0,87864200.0
0.3798071146011352,0.9261384606361388,-0.0947381258010864,721310848.0,350679360.0,599737792.0,387260448.0
0.3810279667377472,0.9278476238250732,-0.1112196296453476,523044960.0,99568352.0,687505920.0,629894656.0
0.3840800821781158,0.921987533569336,-0.1063362210988998,241135952.0,-172675360.0,672883328.0,782423296.0
0.3818825483322143,0.917592465877533,-0.1152484416961669,-70563080.0,-413088288.0,559005760.0,815360640.0
0.3821267187595367,0.9265046715736388,-0.1095104366540908,-371948352.0,-592876608.0,363147808.0,728832576.0
0.3784641623497009,0.9134415984153748,-0.0937614440917968,-618683648.0,-685765632.0,113792392.0,535657344.0
0.3744353652000427,0.9169820547103882,-0.0897326320409774,-774722304.0,-678101760.0,-152305504.0,264022560.0
0.3787083327770233,0.919545829296112,-0.0985227674245834,-817152064.0,-571194624.0,-395936896.0,-46419444.0
0.3832255005836487,0.9186912178993224,-0.102063238620758,-739815040.0,-380613376.0,-581499968.0,-350123488.0
0.3820046484470367,0.9147844910621644,-0.1036503463983535,-548621248.0,-127599016.0,-683140672.0,-607431936.0
0.3816383779048919,0.9029422402381896,-0.1056037098169326,-280114016.0,138514432.0,-681227392.0,-768895744.0
0.3818825483322143,0.9046514630317688,-0.0986448526382446,29460528.0,384349280.0,-579475328.0,-817641472.0
0.3818825483322143,0.9034305810928344,-0.1052374541759491,334595424.0,573857216.0,-393083488.0,-746418560.0
0.3784641623497009,0.910755693912506,-0.1051153689622879,590808320.0,679344320.0,-149008896.0,-565822144.0
0.3784641623497009,0.9339519143104552,-0.1012086421251297,760551424.0,685142144.0,116742232.0,-302381568.0
0.3788304328918457,0.930899739265442,-0.0949822962284088,818909120.0,586849472.0,371155232.0,12682097.0
0.3776095807552337,0.930899739265442,-0.097668170928955,754457664.0,403856480.0,564640832.0,319054464.0
0.3809058666229248,0.919545829296112,-0.1046270281076431,579425088.0,161767152.0,675411648.0,578652352.0
0.3860334455966949,0.9204004406929016,-0.0990111082792282,319533024.0,-104088152.0,687060800.0,753613504.0
0.3903064429759979,0.9184470772743224,-0.0876571834087371,12871275.0,-354674368.0,597873408.0,818235456.0
0.3884751498699188,0.9125869870185852,-0.1025515794754028,-295673152.0,-553370624.0,421268992.0,762766208.0
0.3920156359672546,0.9185691475868224,-0.1065803915262222,-560966464.0,-670977792.0,183077856.0,595406976.0
0.3899401724338531,0.9244292378425598,-0.1047491133213043,-747078336.0,-689456960.0,-88583400.0,334062144.0
0.3914051949977875,0.9263826012611388,-0.1097546070814132,-818235392.0,-605363072.0,-340769440.0,28707320.0
0.3873763978481293,0.9266268014907836,-0.0964473187923431,-769586240.0,-432335936.0,-543048896.0,-280788288.0
0.3821267187595367,0.9204004406929016,-0.0946160405874252,-608176896.0,-195894064.0,-665751360.0,-549038272.0
0.3853009343147278,0.924062967300415,-0.109632521867752,-357408576.0,69146320.0,-690965248.0,-736862592.0
0.3862776160240173,0.9186912178993224,-0.1012086421251297,-54340448.0,324058912.0,-614807808.0,-816679744.0
0.3851788640022278,0.9199120998382568,-0.1019411534070968,256642800.0,531460000.0,-448554336.0,-776791616.0
0.3883530795574188,0.923696756362915,-0.1109754592180252,535719840.0,663032064.0,-210267808.0,-618143744.0
0.3884751498699188,0.910755693912506,-0.1085337549448013,729102912.0,693297984.0,53710384.0,-371192032.0
0.3859113752841949,0.9095348715782166,-0.1008423864841461,815639424.0,621870336.0,309924320.0,-69842912.0
0.3831034004688263,0.910633623600006,-0.107068732380867,782490560.0,459447936.0,520700736.0,241678144.0
0.3840800821781158,0.9142961502075196,-0.1024294942617416,634683392.0,229712640.0,655140544.0,517804544.0
0.3809058666229248,0.9119765758514404,-0.102063238620758,393891872.0,-33733168.0,693606848.0,718012736.0
0.3823708891868591,0.9150286912918092,-0.1019411534070968,95371336.0,-292262944.0,630324288.0,813080256.0
0.3823708891868591,0.9116103053092957,-0.1046270281076431,-224236560.0,-512549312.0,469791104.0,786911040.0
0.3815163075923919,0.9161274433135986,-0.1098766922950744,-503730432.0,-651770368.0,243326944.0,644332608.0
0.383469671010971,0.9103894233703612,-0.1081674993038177,-709284800.0,-695381632.0,-18793308.0,407342400.0
0.3822488188743591,0.9147844910621644,-0.1082895845174789,-810835968.0,-637041344.0,-278248512.0,110555992.0
0.3866438865661621,0.906604826450348,-0.1152484416961669,-793392192.0,-485423904.0,-496860800.0,-202344576.0
0.3843242526054382,0.9164937138557434,-0.1002319604158401,-659788864.0,-262520672.0,-642552128.0,-485602592.0
0.3876205682754516,0.9212550520896912,-0.1024294942617416,-423142368.0,5389325.0,-694058368.0,-701516928.0
0.3856672048568725,0.9138078093528748,-0.09510438144207,-128888768.0,266329680.0,-641480832.0,-808628480.0
0.384812593460083,0.915761172771454,-0.0968135744333267,184278128.0,488250080.0,-494916800.0,-797265536.0
0.3888414204120636,0.9116103053092957,-0.0986448526382446,470486688.0,638634816.0,-275810080.0,-669057664.0
0.3871322274208069,0.9112440347671508,-0.0905872285366058,687717888.0,695364736.0,-16143677.0,-442914048.0
0.3833475708961487,0.9134415984153748,-0.0940056145191192,804156736.0,650161600.0,245975104.0,-151788032.0
0.3862776160240173,0.9160053730010986,-0.1056037098169326,802638464.0,509752864.0,471924608.0,161654464.0
0.3898181021213531,0.917348325252533,-0.1085337549448013,679288384.0,288630272.0,631511104.0,457575232.0
0.3883530795574188,0.9119765758514404,-0.1073129028081893,457715904.0,29856932.0,693833408.0,679059200.0
0.3903064429759979,0.9125869870185852,-0.1034061759710311,169059232.0,-233395952.0,654318400.0,801083200.0
0.3917714655399322,0.910755693912506,-0.0966914892196655,-144283488.0,-462394784.0,518757120.0,805720704.0
0.3934806585311889,0.9014772176742554,-0.0891222059726715,-436397344.0,-623660672.0,306998720.0,692299072.0
0.3874984681606293,0.9011109471321106,-0.0929068475961685,-664409792.0,-693630016.0,50261444.0,477317792.0
0.384812593460083,0.910877764225006,-0.0933951884508133,-795060928.0,-661869504.0,-213797376.0,192403376.0
0.3840800821781158,0.9225979447364808,-0.097668170928955,-808062720.0,-528791712.0,-451589248.0,-128072640.0
0.3849346935749054,0.9149066209793092,-0.1030399203300476,-700713152.0,-320540224.0,-616951360.0,-422548864.0
0.3799291849136352,0.917470395565033,-0.1031620055437088,-490583168.0,-65253896.0,-691964672.0,-655115648.0
0.3784641623497009,0.9296789169311525,-0.1074349880218505,-208521936.0,199390160.0,-665596224.0,-791621952.0
0.3801733553409576,0.925772190093994,-0.1106092035770416,104118976.0,434796800.0,-541718336.0,-812141440.0
0.3816383779048919,0.9322426915168762,-0.1086558401584625,401583552.0,606423168.0,-338502272.0,-713666112.0
0.3845684230327606,0.9273592829704284,-0.1137834191322326,644735744.0,690063808.0,-79128104.0,-504765248.0
0.3827371597290039,0.9278476238250732,-0.0937614440917968,787047744.0,669280256.0,186100912.0,-225627488.0
0.3779758214950561,0.9189354181289672,-0.0931510180234909,813974656.0,550400704.0,424193504.0,86520008.0
0.3840800821781158,0.921987533569336,-0.1085337549448013,721523520.0,351071520.0,600012544.0,386081696.0
0.3883530795574188,0.9212550520896912,-0.1059699654579162,523322720.0,100291272.0,687898240.0,629120384.0
0.3876205682754516,0.9113661050796508,-0.1071908175945282,248416160.0,-165341712.0,675005824.0,779897536.0
0.387986809015274,0.9150286912918092,-0.1095104366540908,-62913648.0,-406693472.0,563222976.0,816298752.0
0.3893297612667084,0.9109998941421508,-0.1117079704999923,-371610688.0,-592031296.0,363184544.0,729673152.0
0.3874984681606293,0.9135636687278748,-0.1109754592180252,-618443648.0,-685278592.0,113959896.0,536521472.0
0.3826150596141815,0.9142961502075196,-0.1030399203300476,-774564480.0,-678050368.0,-152017792.0,264782272.0
0.383469671010971,0.9077035784721376,-0.106458306312561,-817071168.0,-571492096.0,-395746880.0,-45798148.0
0.3823708891868591,0.917714536190033,-0.0820412635803222,-740063232.0,-381010016.0,-581295872.0,-349505952.0
0.3809058666229248,0.910633623600006,-0.0898547172546386,-554613504.0,-134735968.0,-681790848.0,-601940864.0
0.3876205682754516,0.9185691475868224,-0.0999877899885177,-287791552.0,131072088.0,-682452800.0,-766273984.0
0.3909168541431427,0.9161274433135986,-0.0974240005016326,28538480.0,383267008.0,-579479168.0,-818179264.0
0.392381876707077,0.917348325252533,-0.0968135744333267,333870496.0,572815168.0,-393017216.0,-747577600.0
0.3936027288436889,0.9079477190971376,-0.1106092035770416,590281472.0,678555840.0,-148956416.0,-567329920.0
0.3949456810951233,0.9090465307235718,-0.1236723214387893,760136768.0,684946368.0,116888696.0,-303807744.0
0.389085590839386,0.9024538993835448,-0.102063238620758,818604800.0,590736192.0,365816960.0,4055503.0
0.3779758214950561,0.9047735333442688,-0.0957148075103759,757079488.0,409762112.0,561248384.0,311203232.0
0.3840800821781158,0.919545829296112,-0.1192772537469863,579116352.0,162532896.0,675986048.0,578075840.0
0.3823708891868591,0.9096569418907166,-0.1067024767398834,319049088.0,-103179536.0,687827456.0,753244032.0
0.3769991397857666,0.9160053730010986,-0.1060920506715774,12280938.0,-353722464.0,598842816.0,817947648.0
0.3813942074775696,0.9207667112350464,-0.0968135744333267,-296337888.0,-552305344.0,422002176.0,762875072.0
0.3779758214950561,0.9077035784721376,-0.0932731032371521,-561307776.0,-670007936.0,183259616.0,596121088.0
0.383591741323471,0.9251617789268494,-0.1081674993038177,-744202624.0,-689575552.0,-82079184.0,341807744.0
0.3896960020065307,0.923818826675415,-0.1081674993038177,-818117952.0,-608076608.0,-335338976.0,37351312.0
0.3885972499847412,0.9095348715782166,-0.1073129028081893,-769640832.0,-432224416.0,-543779840.0,-279392224.0
0.392259806394577,0.9135636687278748,-0.1180564016103744,-607836800.0,-196628496.0,-666793600.0,-547886336.0
0.3934806585311889,0.9122207164764404,-0.1078012436628341,-356974624.0,67882032.0,-692056896.0,-736165696.0
0.387986809015274,0.9279696941375732,-0.0911976546049118,-53981008.0,322401600.0,-615758912.0,-816642944.0
0.3839580118656158,0.921987533569336,-0.0952264666557312,256886320.0,529798848.0,-449254784.0,-777440832.0
0.389085590839386,0.9232084155082704,-0.101452812552452,530151872.0,659508288.0,-217099936.0,-624321152.0
0.3904285132884979,0.922109603881836,-0.1035282611846923,725758784.0,692694144.0,46789288.0,-379712160.0
0.3904285132884979,0.9234525561332704,-0.1012086421251297,815780736.0,621448512.0,309867904.0,-72159232.0
0.3915272951126098,0.925894260406494,-0.1097546070814132,782770432.0,459861024.0,520900352.0,239546800.0
0.3904285132884979,0.917348325252533,-0.1025515794754028,635115200.0,230601584.0,655659008.0,516221280.0
0.3865217864513397,0.9140520095825196,-0.1112196296453476,394291776.0,-32420636.0,694432448.0,717055040.0
0.3866438865661621,0.9179587364196776,-0.1139055043458938,95624408.0,-290637248.0,631459456.0,812752384.0
0.3815163075923919,0.9290685057640076,-0.1041386872529983,-217098784.0,-506266400.0,475764512.0,789387136.0
0.3827371597290039,0.9243071675300598,-0.109632521867752,-497915872.0,-647637248.0,250406880.0,650279680.0
0.3801733553409576,0.9094127416610718,-0.0904651433229446,-709352768.0,-693909248.0,-18593012.0,409736960.0
0.3774874806404114,0.9101452827453612,-0.1112196296453476,-810743744.0,-636538112.0,-278538816.0,113364104.0
0.3898181021213531,0.9273592829704284,-0.114638015627861,-793392832.0,-485968864.0,-497352352.0,-199810368.0
0.3885972499847412,0.9216212630271912,-0.1098766922950744,-659810368.0,-263974416.0,-643361664.0,-483709696.0
0.3884751498699188,0.9168599843978882,-0.1119521409273147,-429465600.0,-3226854.0,-695065216.0,-696674048.0
0.3865217864513397,0.91331946849823,-0.1123183965682983,-136189568.0,258004976.0,-644872768.0,-807432000.0
0.3862776160240173,0.9100232124328612,-0.1128067374229431,184249728.0,486286976.0,-495480000.0,-798121600.0
0.3884751498699188,0.9128311276435852,-0.1037724316120147,470385056.0,637055040.0,-276047680.0,-670535616.0
0.3839580118656158,0.9047735333442688,-0.101452812552452,687474432.0,694486272.0,-16036704.0,-444670720.0
0.387986809015274,0.9140520095825196,-0.109632521867752,803759936.0,650194752.0,246147840.0,-153458368.0
0.3881089091300964,0.9064826965332032,-0.09510438144207,802350912.0,510434144.0,472241664.0,159997904.0
0.3811500370502472,0.9144182801246644,-0.0794774740934372,683555200.0,295561184.0,629131968.0,450011488.0
0.3888414204120636,0.908558189868927,-0.1025515794754028,464433248.0,37653068.0,693876608.0,674048000.0
0.3933585584163666,0.908802330493927,-0.098889023065567,170038144.0,-232051248.0,654779584.0,800889792.0
0.3873763978481293,0.9127090573310852,-0.0943718701601028,-143212512.0,-461162528.0,519546752.0,806109184.0
0.3840800821781158,0.9199120998382568,-0.1097546070814132,-435506112.0,-622730752.0,308346016.0,693098176.0
0.3901843428611755,0.9207667112350464,-0.1079233288764953,-664056320.0,-693000832.0,51999516.0,478535904.0
0.3866438865661621,0.9207667112350464,-0.1124404817819595,-795264512.0,-661799168.0,-212009248.0,193777488.0
0.3884751498699188,0.9212550520896912,-0.1217189580202102,-809829888.0,-533712448.0,-444938400.0,-119490384.0
0.3904285132884979,0.9228421449661256,-0.1092662662267685,-705824448.0,-327275648.0,-612554880.0,-415211456.0
0.3854230344295501,0.9118544459342957,-0.106458306312561,-492519680.0,-66106864.0,-691172096.0,-654413376.0
0.3860334455966949,0.9138078093528748,-0.1073129028081893,-210727216.0,198681536.0,-665532096.0,-791270016.0
0.3893297612667084,0.9120986461639404,-0.0998657047748565,101945472.0,434381248.0,-542278080.0,-812265984.0
0.3881089091300964,0.908802330493927,-0.0942497849464416,399587520.0,606426624.0,-339480640.0,-714318528.0
0.3906726837158203,0.9144182801246644,-0.1130509078502655,638760896.0,689704832.0,-87152656.0,-511485792.0
0.3925039768218994,0.910877764225006,-0.1037724316120147,784383168.0,671803712.0,178049632.0,-233757744.0
0.3859113752841949,0.9059943556785583,-0.0998657047748565,814220928.0,551442368.0,422595424.0,85383152.0
0.3901843428611755,0.919301688671112,-0.1156146973371505,722368896.0,352501600.0,598758464.0,385143648.0
0.3882309794425964,0.9127090573310852,-0.106458306312561,524774272.0,101696952.0,687189632.0,628459712.0
0.3876205682754516,0.9232084155082704,-0.1225735545158386,250161488.0,-163827808.0,675057856.0,779614016.0
0.3918935358524322,0.9223538041114808,-0.1132950782775878,-61105220.0,-405364736.0,563833472.0,816675520.0
0.3854230344295501,0.9099010825157166,-0.1056037098169326,-363295872.0,-587661248.0,369734688.0,734089984.0
0.3876205682754516,0.9090465307235718,-0.1126846522092819,-612195904.0,-683843968.0,121593840.0,543792320.0
0.3872542977333069,0.910877764225006,-0.1159809529781341,-773739584.0,-678487552.0,-150857776.0,266730432.0
0.3881089091300964,0.9213771224021912,-0.1175680607557296,-816911232.0,-572692992.0,-394535936.0,-44065100.0
0.3876205682754516,0.9180808067321776,-0.0987669378519058,-740536832.0,-382678048.0,-580329984.0,-348283424.0
0.3871322274208069,0.91307532787323,-0.1103650331497192,-555466496.0,-136612160.0,-681189056.0,-601412544.0
0.3912831246852875,0.906726896762848,-0.0973019152879715,-289145376.0,129398240.0,-682144000.0,-766323776.0
0.3840800821781158,0.9120986461639404,-0.0986448526382446,19528316.0,376530144.0,-583198272.0,-818929216.0
0.3889634907245636,0.922109603881836,-0.1154926121234893,325463776.0,568363008.0,-399013056.0,-751496448.0
0.3949456810951233,0.9180808067321776,-0.1068245619535446,588962944.0,678347200.0,-149715264.0,-568748224.0
0.3914051949977875,0.9185691475868224,-0.1121963113546371,759316800.0,685312448.0,116033608.0,-305356480.0
0.3845684230327606,0.9125869870185852,-0.0998657047748565,818342528.0,591684288.0,364883744.0,2570611.0
0.3832255005836487,0.9142961502075196,-0.110242947936058,757309440.0,411411168.0,560292928.0,310188000.0
0.3918935358524322,0.9365156888961792,-0.0994994491338729,585337408.0,170870176.0,673286912.0,572529216.0
0.3899401724338531,0.9114882349967957,-0.0981565117835998,327713472.0,-94998568.0,687538304.0,750860672.0
0.3940910696983337,0.9079477190971376,-0.102063238620758,22074822.0,-346839776.0,601024384.0,819088576.0
0.3945794105529785,0.8979367613792419,-0.0969356596469879,-293559872.0,-552060352.0,421150176.0,764595328.0
