0.39213770627975464,0.8932974934577942,0.08680258691310883,762496832.0,686685632.0,134342752.0,-286242848.0
0.3918935358524322,0.9039189219474792,0.0830179452896118,815918080.0,585276928.0,379643168.0,22828664.0
0.3904285132884979,0.910877764225006,0.0843608826398849,749897856.0,398349152.0,569244288.0,328410656.0
0.3887193202972412,0.9022097587585448,0.0871688425540924,574257920.0,153035200.0,675603904.0,585908672.0
0.3849346935749054,0.9140520095825196,0.0802099853754043,314512960.0,-114481688.0,683184192.0,757731136.0
0.3944573402404785,0.9298009872436525,0.0726407021284103,8559465.0,-365025536.0,590778048.0,818893056.0
0.3986082375049591,0.9243071675300598,0.0745940655469894,-298717792.0,-562137216.0,411673312.0,760405120.0
0.3997069895267486,0.9081919193267822,0.0806983262300491,-567555968.0,-678654016.0,165507136.0,585523584.0
0.3997069895267486,0.9053839445114136,0.067391037940979,-746278464.0,-692025216.0,-99377200.0,327437344.0
0.4062995910644531,0.919423758983612,0.0545720905065536,-815593792.0,-604207680.0,-349589984.0,21170264.0
0.4093517363071441,0.9138078093528748,0.0649493336677551,-765505536.0,-427771968.0,-548604672.0,-288039552.0
0.4067879319190979,0.9046514630317688,0.0666585266590118,-603243712.0,-188717984.0,-667424704.0,-554930944.0
0.4023928642272949,0.9185691475868224,0.0700769126415252,-352680512.0,77675072.0,-688607296.0,-740489344.0
0.4060554206371307,0.9232084155082704,0.0600659251213073,-43010324.0,338443008.0,-606120256.0,-818013568.0
0.4080087840557098,0.937004029750824,0.0543279200792312,266580304.0,542975040.0,-435937088.0,-772653440.0
0.4049566686153412,0.949700891971588,0.06238554418087,537359808.0,667895040.0,-201601008.0,-614360832.0
0.4025149643421173,0.9367598295211792,0.0598217546939849,729430016.0,694917248.0,62549552.0,-366102336.0
0.4049566686153412,0.9404224157333374,0.0601880103349685,814638720.0,619905216.0,317643200.0,-64075120.0
0.401049941778183,0.9361494183540344,0.0555487722158432,780214144.0,453967168.0,526231616.0,247348864.0
0.4017824530601501,0.9265046715736388,0.0551825165748596,631246080.0,221408880.0,657662464.0,522405984.0
0.4016603529453277,0.9206445813179016,0.0665364414453506,383258016.0,-50477824.0,692089408.0,724223040.0
0.3960444331169128,0.9046514630317688,0.0692223161458969,83810672.0,-308680352.0,622924032.0,813989760.0
0.3949456810951233,0.9020876288414,0.0723965317010879,-227969152.0,-521655520.0,462308128.0,784282048.0
0.3956781923770904,0.899890124797821,0.0666585266590118,-506288320.0,-658138368.0,233866176.0,639338816.0
0.3964107036590576,0.899768054485321,0.0675131231546402,-710193984.0,-698033536.0,-28872196.0,400576576.0
0.3949456810951233,0.9036747813224792,0.0766695141792297,-809863360.0,-635455680.0,-287408128.0,103128472.0
0.3916493654251098,0.910511553287506,0.0870467573404312,-790794112.0,-479545088.0,-503768416.0,-209332352.0
0.3915272951126098,0.910633623600006,0.0925405919551849,-651342656.0,-247021776.0,-648663424.0,-496880512.0
0.387864738702774,0.8986692428588867,0.0898547172546386,-418219904.0,16762262.0,-694040640.0,-704301248.0
0.3862776160240173,0.9029422402381896,0.0943718701601028,-123874320.0,277988448.0,-637675520.0,-808497984.0
0.3882309794425964,0.9030643105506896,0.0910755693912506,188719088.0,498469440.0,-487907872.0,-794217024.0
0.3906726837158203,0.9012330770492554,0.0766695141792297,473631360.0,645943552.0,-266841520.0,-663436032.0
0.3958002626895904,0.9022097587585448,0.0587229877710342,689154944.0,698930048.0,-6855062.0,-435243360.0
0.3984861373901367,0.9090465307235718,0.0614088624715805,804978176.0,647043840.0,260329888.0,-135993408.0
0.3958002626895904,0.9103894233703612,0.0775241106748581,798929856.0,500373024.0,482696352.0,176815408.0
0.3893297612667084,0.917470395565033,0.0872909277677536,675886592.0,280478656.0,634386176.0,463664416.0
0.3898181021213531,0.9211329221725464,0.078134536743164,453841632.0,19844596.0,693287744.0,682574208.0
0.3916493654251098,0.9232084155082704,0.0634843111038208,165197792.0,-243495280.0,651024192.0,801566464.0
0.3934806585311889,0.9406665563583374,0.066170185804367,-147749808.0,-471129312.0,513456800.0,803424384.0
0.3956781923770904,0.9454278945922852,0.0639726519584655,-439220896.0,-629780672.0,300545664.0,687790016.0
0.3916493654251098,0.9269930124282836,0.0647051632404327,-670512000.0,-696696640.0,36698016.0,465405472.0
0.389085590839386,0.9232084155082704,0.069954827427864,-797308096.0,-658713408.0,-226582272.0,178825232.0
0.3927481472492218,0.9378586411476136,0.0719081908464431,-807330432.0,-524258880.0,-456439840.0,-133994176.0
0.3904285132884979,0.932486891746521,0.0706873387098312,-699053440.0,-312932864.0,-619514688.0,-427224064.0
0.3934806585311889,0.930899739265442,0.0770357698202133,-488457696.0,-55748576.0,-691683136.0,-657873216.0
0.3900622725486755,0.9318764209747314,0.081919178366661,-206375120.0,209591680.0,-662426304.0,-792208000.0
0.3810279667377472,0.9118544459342957,0.0817970931529998,105843600.0,444475520.0,-536066656.0,-810427456.0
0.3790746033191681,0.9058722853660583,0.0719081908464431,408855968.0,617537472.0,-325514016.0,-706007360.0
0.3823708891868591,0.9199120998382568,0.0701989978551864,644726400.0,694995072.0,-71760696.0,-499080768.0
0.384690523147583,0.9207667112350464,0.0628738850355148,786159488.0,670712768.0,192554464.0,-218956384.0
0.3901843428611755,0.9113661050796508,0.0665364414453506,812420864.0,548125888.0,428689408.0,93151504.0
0.3889634907245636,0.8965938091278076,0.0645830780267715,719644352.0,345341568.0,602156928.0,391381824.0
0.3826150596141815,0.9111219644546508,0.0649493336677551,521441408.0,92218448.0,687610752.0,632224320.0
0.3971432149410248,0.9247955083847046,0.0775241106748581,246961728.0,-174253632.0,672170880.0,780867072.0
0.3840800821781158,0.9134415984153748,0.0734952986240387,-70884824.0,-420873088.0,554497920.0,814429120.0
0.3882309794425964,0.9184470772743224,0.0714198499917984,-371469824.0,-599402624.0,357426816.0,726563328.0
0.3901843428611755,0.9151507616043092,0.0658039301633834,-617689152.0,-690208896.0,107987472.0,532289408.0
0.3888414204120636,0.9134415984153748,0.0587229877710342,-773401920.0,-679986560.0,-157417280.0,260017344.0
0.392259806394577,0.9321206212043762,0.0535954087972641,-815799936.0,-570214528.0,-399626528.0,-50458636.0
0.3920156359672546,0.9431082606315612,0.0577463060617446,-738738944.0,-376760256.0,-583262656.0,-353613792.0
0.3914051949977875,0.9273592829704284,0.0576242208480834,-547988288.0,-121397888.0,-682688768.0,-609777792.0
0.3912831246852875,0.915639102458954,0.0583567321300506,-280008960.0,145984336.0,-678640384.0,-769839168.0
0.3896960020065307,0.925894260406494,0.069954827427864,28989656.0,391849536.0,-575002880.0,-817255616.0
0.3895739316940307,0.9164937138557434,0.0621413737535476,333851424.0,580395840.0,-386933024.0,-744908224.0
0.392381876707077,0.9216212630271912,0.0490782558917999,589789696.0,683831296.0,-142276096.0,-563206784.0
0.3937248289585113,0.9163716435432434,0.0502991080284118,759173248.0,687059968.0,123257896.0,-298887104.0
0.3906726837158203,0.906726896762848,0.0595775842666626,817180736.0,589549120.0,370792736.0,9038958.0
0.3928702175617218,0.908680260181427,0.0535954087972641,752454080.0,400389152.0,567873152.0,322401856.0
0.3993407487869262,0.9197900295257568,0.0408985465764999,577357504.0,156467904.0,676176768.0,581276736.0
0.4022707939147949,0.9212550520896912,0.04602612555027,317784896.0,-110382544.0,685291520.0,755066560.0
0.3990965783596039,0.9075815081596376,0.0565254539251327,11763687.0,-361268608.0,593889344.0,818268608.0
0.3939689993858337,0.904529333114624,0.059211328625679,-295915680.0,-559298176.0,415508768.0,761507328.0
0.3997069895267486,0.925650119781494,0.0596996694803237,-560347968.0,-675215232.0,176457456.0,593193664.0
0.4032474756240845,0.9319985508918762,0.0596996694803237,-742854208.0,-692150528.0,-88576912.0,337891904.0
0.4031253755092621,0.9299230575561525,0.0523745566606521,-816631936.0,-604408832.0,-346502592.0,25683944.0
0.4059333503246307,0.9357831478118896,0.0484678298234939,-767531328.0,-429125152.0,-547003648.0,-283647328.0
0.3987303078174591,0.9334635734558104,0.0627517998218536,-606009728.0,-190764672.0,-667340352.0,-551307008.0
0.4001953303813934,0.9296789169311525,0.0632401406764984,-355651136.0,75543456.0,-689835328.0,-738142400.0
0.4054450094699859,0.9385911226272584,0.063606396317482,-53088448.0,330625216.0,-611129280.0,-816891072.0
0.4080087840557098,0.9271151423454284,0.0691002309322357,257289904.0,537281472.0,-442629248.0,-775971264.0
0.4066658616065979,0.9200341701507568,0.0791112184524536,535411584.0,667159616.0,-202682048.0,-616501440.0
0.401049941778183,0.9265046715736388,0.0792333036661148,727996672.0,695026560.0,61813632.0,-368862464.0
0.4049566686153412,0.9232084155082704,0.0731290429830551,813729216.0,621008832.0,317192320.0,-67106888.0
0.404224157333374,0.9095348715782166,0.0794774740934372,780095936.0,455859648.0,526174496.0,244344400.0
0.4012941122055053,0.9119765758514404,0.0741057246923446,631981120.0,224015216.0,658059776.0,519899840.0
0.4048345685005188,0.9202783703804016,0.0680014640092849,391144768.0,-40499952.0,693469056.0,719296640.0
0.4054450094699859,0.9124649167060852,0.066780611872673,93023312.0,-299086176.0,627245824.0,813251648.0
0.4001953303813934,0.9142961502075196,0.0720302760601043,-225757024.0,-518420800.0,464172896.0,785963520.0
0.4023928642272949,0.9178366661071776,0.062995970249176,-504212960.0,-655788736.0,236198640.0,642527872.0
0.4048345685005188,0.923696756362915,0.0604321807622909,-708855232.0,-697032640.0,-26385776.0,404839552.0
0.4016603529453277,0.9299230575561525,0.0555487722158432,-809530368.0,-636145088.0,-285128992.0,107716872.0
0.399829089641571,0.9329752326011658,0.0570137947797775,-791493888.0,-481973024.0,-502064800.0,-205162944.0
0.4001953303813934,0.9285801649093628,0.0556708574295043,-657358080.0,-257035200.0,-645424832.0,-488017920.0
0.3973873853683471,0.9246734380722046,0.0571358799934387,-426865312.0,5545692.0,-694133312.0,-699182208.0
0.3979977965354919,0.924062967300415,0.062995970249176,-126493208.0,273548224.0,-638491968.0,-808962496.0
0.3987303078174591,0.9263826012611388,0.0606763511896133,186286048.0,494718144.0,-489428128.0,-796199168.0
0.3965327739715576,0.922109603881836,0.0590892434120178,471710912.0,643375808.0,-268530016.0,-666610496.0
0.3945794105529785,0.917592465877533,0.062995970249176,687948480.0,697612544.0,-8024476.0,-439227424.0
0.3933585584163666,0.919301688671112,0.0640947371721267,803191552.0,649400512.0,253692064.0,-147390976.0
0.3945794105529785,0.919667899608612,0.0618972033262252,800492736.0,505824320.0,478199392.0,166132448.0
0.3937248289585113,0.906848967075348,0.0700769126415252,680319296.0,287862048.0,632527040.0,455117664.0
0.3895739316940307,0.9024538993835448,0.0722744464874267,454130656.0,20950908.0,694375296.0,681242176.0
0.3857892751693725,0.9103894233703612,0.0739836394786834,165336384.0,-242780608.0,651706944.0,801199744.0
0.3896960020065307,0.9061164855957032,0.0730069577693939,-147846816.0,-470942496.0,513379136.0,803565696.0
0.383591741323471,0.9077035784721376,0.0766695141792297,-439181024.0,-629979712.0,299648352.0,688024704.0
0.3805396258831024,0.9051398038864136,0.07056525349617,-666002112.0,-696640128.0,41951892.0,471482048.0
0.3906726837158203,0.9123427867889404,0.0553046017885208,-795063168.0,-661241408.0,-221667872.0,185524176.0
0.3873763978481293,0.9235746264457704,0.0500549376010894,-806189632.0,-524546624.0,-457837696.0,-134964000.0
0.3881089091300964,0.9180808067321776,0.050421193242073,-697229248.0,-313088960.0,-620642944.0,-428451360.0
0.387986809015274,0.925650119781494,0.0523745566606521,-486018464.0,-55822224.0,-692307968.0,-659015232.0
0.3951898515224457,0.9352948069572448,0.0500549376010894,-203421536.0,209421024.0,-662408192.0,-793031744.0
0.3945794105529785,0.8985471725463867,0.0765474289655685,108576624.0,444188032.0,-534965696.0,-810950848.0
0.3901843428611755,0.8703454732894897,0.091319739818573,404266784.0,613985856.0,-329047840.0,-710097664.0
0.3749237060546875,0.8527652025222778,0.1538273692131042,640240832.0,693871616.0,-74181672.0,-506016256.0
0.3616164028644562,0.9022097587585448,0.149920642375946,784440320.0,670580608.0,197852176.0,-220796336.0
0.3711390495300293,0.9147844910621644,0.0922964215278625,809068480.0,549259776.0,433911584.0,91455504.0
0.3776095807552337,0.9332193732261658,0.0632401406764984,715177664.0,347813696.0,606570880.0,390563424.0
0.3855451047420501,0.937004029750824,0.0596996694803237,516691648.0,95556384.0,690442944.0,632541504.0
0.3861555457115173,0.921865463256836,0.0562812834978103,242491392.0,-170713184.0,673415168.0,781977280.0
0.3831034004688263,0.9245513081550598,0.0367476493120193,-67348896.0,-411986880.0,558133504.0,816786048.0
0.3931143879890442,0.9627640247344972,0.0369918197393417,-367605152.0,-592686656.0,361181536.0,732160128.0
0.4006836712360382,0.9664265513420104,0.0470028072595596,-619070528.0,-687547520.0,104413344.0,534835872.0
0.3976315557956695,0.9528750777244568,0.049810767173767,-773253760.0,-678158400.0,-162119888.0,262332608.0
0.3984861373901367,0.9500671625137328,0.0653155893087387,-814192640.0,-568892288.0,-404983616.0,-48597364.0
0.3901843428611755,0.925772190093994,0.0686118900775909,-735555648.0,-375913728.0,-588614976.0,-352279328.0
0.3927481472492218,0.9199120998382568,0.0639726519584655,-548753792.0,-127864952.0,-685880704.0,-604159744.0
0.3993407487869262,0.9389573931694032,0.0722744464874267,-281342592.0,138752144.0,-682253440.0,-767493248.0
0.3925039768218994,0.9207667112350464,0.079355388879776,34660880.0,390678112.0,-574666304.0,-817832128.0
0.3822488188743591,0.9142961502075196,0.0858259052038192,338550816.0,578735872.0,-384212096.0,-745486912.0
0.3909168541431427,0.9254059195518494,0.0835062861442565,593024192.0,681632384.0,-137508480.0,-563659904.0
0.3917714655399322,0.9051398038864136,0.071175679564476,760364160.0,684542720.0,129353312.0,-299059808.0
0.3987303078174591,0.8923208117485046,0.0712977647781372,816087936.0,586979584.0,377211232.0,9415399.0
0.4062995910644531,0.8958613276481628,0.0622634589672088,751944320.0,403332480.0,569677056.0,316689504.0
0.4133805334568023,0.9013551473617554,0.0604321807622909,577449984.0,160545760.0,678393280.0,577477760.0
0.411793440580368,0.9020876288414,0.0692223161458969,311459872.0,-112555216.0,686430976.0,756345216.0
0.4102063179016113,0.8880478739738464,0.0775241106748581,5134274.0,-362707520.0,592235584.0,818898880.0
0.4113050997257232,0.8823098540306091,0.0704431682825088,-301890528.0,-559660480.0,411293952.0,761184000.0
0.4141130447387695,0.893541693687439,0.0645830780267715,-564709184.0,-674524928.0,170217776.0,591664704.0
0.41301429271698,0.8976925611495972,0.0697106570005416,-744679296.0,-690403904.0,-95770128.0,335476960.0
0.4037358164787292,0.8792577385902405,0.0732511281967163,-815312320.0,-605119104.0,-348000896.0,30225294.0
0.3971432149410248,0.8932974934577942,0.0672689527273178,-766259136.0,-431287008.0,-549236608.0,-279462112.0
0.3993407487869262,0.9149066209793092,0.0616530328989028,-599764480.0,-188066912.0,-671761664.0,-553688704.0
0.4001953303813934,0.9317543506622314,0.0553046017885208,-347663616.0,77335200.0,-691847808.0,-739876608.0
0.3976315557956695,0.930533528327942,0.0445611029863357,-44556848.0,331415904.0,-610618624.0,-817462272.0
0.39677694439888,0.930899739265442,0.0400439500808715,265032352.0,536908608.0,-439981888.0,-775128640.0
0.3925039768218994,0.9512879848480223,0.0452936142683029,535848544.0,663650880.0,-204881296.0,-619176064.0
0.3882309794425964,0.9643511176109314,0.0559150278568267,728253120.0,692944896.0,60410892.0,-372487328.0
0.3877426385879516,0.9571480751037598,0.0742278099060058,814023296.0,620247680.0,317004544.0,-71333488.0
0.3761445581912994,0.9387131929397584,0.093883529305458,778178816.0,451160352.0,531754496.0,247084560.0
0.3766328990459442,0.9385911226272584,0.1052374541759491,627489472.0,218872736.0,662485568.0,521906240.0
0.384812593460083,0.9316322803497314,0.0997436195611953,384645408.0,-45474696.0,695935808.0,720121408.0
0.3867659568786621,0.925650119781494,0.0881455242633819,85222928.0,-303172096.0,627326464.0,812531072.0
0.3960444331169128,0.9251617789268494,0.0837504565715789,-226827264.0,-516254016.0,466601344.0,785643584.0
0.3976315557956695,0.9272372126579284,0.0827737748622894,-505639424.0,-653460992.0,237315744.0,643366336.0
0.3914051949977875,0.921743392944336,0.0915639102458953,-713706688.0,-694417408.0,-33657968.0,400244800.0
0.3863997161388397,0.906848967075348,0.1030399203300476,-811139072.0,-631012800.0,-293580576.0,102996328.0
0.3831034004688263,0.8973263502120972,0.1230618953704834,-789540544.0,-474499136.0,-510492480.0,-209273216.0
0.3832255005836487,0.8757172226905823,0.1298986673355102,-651993792.0,-248132112.0,-652421824.0,-490511808.0
0.3885972499847412,0.8655841946601868,0.1176901459693908,-418499680.0,14636012.0,-698699136.0,-699560512.0
0.3888414204120636,0.8675375580787659,0.1211085319519043,-123587352.0,275194016.0,-642435264.0,-805725056.0
0.3845684230327606,0.8630203604698181,0.1247710883617401,189127440.0,495351616.0,-492025152.0,-793530304.0
0.3937248289585113,0.8682700395584106,0.1078012436628341,480109024.0,645500736.0,-263686080.0,-660465920.0
0.4012941122055053,0.8775485157966614,0.0883896946907043,693541056.0,696548928.0,-1862916.0,-432132352.0
0.4032474756240845,0.8808448314666748,0.0643389075994491,805226560.0,645933312.0,260080928.0,-140213360.0
0.4031253755092621,0.8825539946556091,0.067391037940979,798956928.0,500729376.0,483952224.0,172190896.0
0.4026370346546173,0.9056281447410583,0.0736173838376998,675745856.0,282269440.0,636777408.0,459486240.0
0.4036137163639068,0.9113661050796508,0.0761811733245849,453555456.0,22408984.0,696285056.0,679627776.0
0.3982419669628143,0.9022097587585448,0.0742278099060058,164954512.0,-240832608.0,653810240.0,800152064.0
0.3948235809803009,0.9204004406929016,0.0700769126415252,-155146112.0,-473644736.0,511308960.0,801919552.0
0.39677694439888,0.9420095086097716,0.0745940655469894,-445491264.0,-630722368.0,296438752.0,684669568.0
0.3903064429759979,0.9290685057640076,0.0808204114437103,-670482624.0,-695409152.0,38029160.0,467262720.0
0.384690523147583,0.9329752326011658,0.0761811733245849,-797190592.0,-658401024.0,-225869888.0,181382368.0
0.392259806394577,0.9481137990951538,0.0501770228147506,-807040384.0,-525266944.0,-456544544.0,-131411568.0
0.3942131698131561,0.949822962284088,0.054816260933876,-698772480.0,-314943168.0,-620294208.0,-425069888.0
0.38029545545578,0.9461604356765748,0.085703819990158,-482418112.0,-51331136.0,-693531072.0,-660737536.0
0.3680869340896606,0.9230862855911256,0.0942497849464416,-199195712.0,214140800.0,-662092608.0,-793107584.0
0.3580759465694427,0.923818826675415,0.1099987775087356,112976520.0,448167264.0,-533318048.0,-809243968.0
0.3574655055999756,0.9207667112350464,0.1163472086191177,408619360.0,616465152.0,-326136832.0,-706793600.0
0.365156888961792,0.9055060148239136,0.1207422763109207,644251904.0,694235264.0,-71070728.0,-500846656.0
0.3738249242305755,0.8914662599563599,0.1145159304141998,785319936.0,670347392.0,194356544.0,-221481392.0
0.3777316510677337,0.8912220597267151,0.1063362210988998,811165056.0,548455616.0,431239680.0,90341360.0
0.3867659568786621,0.906971037387848,0.1005982160568237,714591552.0,340693216.0,608120512.0,395471840.0
0.3871322274208069,0.9146624207496644,0.0832621157169342,513978880.0,87469224.0,690914880.0,635399808.0
0.384812593460083,0.9234525561332704,0.0786228775978088,238061680.0,-178564208.0,672570752.0,782311680.0
0.3831034004688263,0.930899739265442,0.0744719803333282,-72730360.0,-418379008.0,555805376.0,814660160.0
0.3828592300415039,0.9382248520851136,0.0700769126415252,-372997312.0,-596954496.0,357599104.0,727710592.0
0.3787083327770233,0.9438408017158508,0.0671468675136566,-618574784.0,-688103168.0,107062312.0,534170816.0
0.3800512850284576,0.9439628720283508,0.0658039301633834,-773578304.0,-678493824.0,-159163440.0,262319024.0
0.38041752576828,0.9516542553901672,0.0695885717868805,-814789504.0,-565620544.0,-407495936.0,-55317456.0
0.38029545545578,0.941643238067627,0.0721523612737655,-734292928.0,-371444448.0,-589675264.0,-357837344.0
0.383591741323471,0.9367598295211792,0.0758149176836013,-546285568.0,-122807288.0,-685428736.0,-607946880.0
0.3832255005836487,0.943474531173706,0.0759370028972625,-278158592.0,143791888.0,-680785472.0,-769028160.0
0.383591741323471,0.947869598865509,0.0775241106748581,30693296.0,389186688.0,-576436224.0,-817456064.0
0.3821267187595367,0.9437187314033508,0.086314246058464,335113920.0,577625984.0,-387412992.0,-746243648.0
0.3866438865661621,0.9348064661026,0.0847271382808685,590410560.0,681336832.0,-141645680.0,-565732736.0
0.3910389542579651,0.9168599843978882,0.0848492234945297,761851200.0,684032128.0,131634680.0,-295426048.0
0.3916493654251098,0.9160053730010986,0.0882676094770431,816515968.0,585119360.0,379067296.0,12901785.0
0.3937248289585113,0.9124649167060852,0.0905872285366058,751467840.0,400420896.0,570898368.0,319305216.0
0.3975094556808471,0.9099010825157166,0.0910755693912506,576267520.0,157016128.0,679029504.0,578880064.0
0.3965327739715576,0.9079477190971376,0.0927847623825073,316666432.0,-109395776.0,687623168.0,753558784.0
0.3959223628044128,0.9064826965332032,0.0905872285366058,10672119.0,-359759584.0,595518720.0,817764096.0
0.3961665332317352,0.9212550520896912,0.0839946269989013,-303824544.0,-561323072.0,410986976.0,759353792.0
0.3962886035442352,0.9135636687278748,0.0752044916152954,-566420352.0,-675054592.0,169894064.0,589514048.0
0.3962886035442352,0.9079477190971376,0.0651935040950775,-745984896.0,-690050240.0,-96056256.0,333214464.0
0.3962886035442352,0.9081919193267822,0.0622634589672088,-816225024.0,-604059200.0,-347879200.0,28119512.0
0.3964107036590576,0.9138078093528748,0.0492003411054611,-766815488.0,-429823904.0,-548746880.0,-281147328.0
0.3984861373901367,0.9160053730010986,0.0509095340967178,-605144192.0,-192586384.0,-669241920.0,-549315712.0
0.39677694439888,0.9074593782424928,0.0540837496519088,-354911552.0,72958600.0,-691709504.0,-737003584.0
0.3925039768218994,0.9182028770446776,0.0509095340967178,-45258988.0,333696096.0,-609772224.0,-817127808.0
0.3976315557956695,0.900134265422821,0.0584788173437118,264402944.0,539007488.0,-439145984.0,-774360576.0
0.3895739316940307,0.8954950571060181,0.0708094239234924,535135072.0,665364224.0,-204034880.0,-618233088.0
0.3854230344295501,0.8946404457092285,0.0786228775978088,727423040.0,694281024.0,61095512.0,-371508320.0
0.3889634907245636,0.8954950571060181,0.0791112184524536,813059968.0,621503936.0,317229216.0,-70381232.0
0.3901843428611755,0.899890124797821,0.0763032585382461,779566080.0,457684064.0,526891648.0,241057424.0
0.3933585584163666,0.8943963050842285,0.0681235492229461,631738880.0,226827504.0,659484288.0,517162688.0
0.3993407487869262,0.8995238542556763,0.0549383461475372,384680928.0,-43779512.0,695244224.0,720875072.0
0.404346227645874,0.9055060148239136,0.0584788173437118,85877224.0,-301626432.0,627022528.0,813271744.0
0.4006836712360382,0.9020876288414,0.0692223161458969,-225435808.0,-515380416.0,466680256.0,786570240.0
0.3934806585311889,0.9072152376174928,0.0797216445207595,-503627008.0,-653557888.0,237823568.0,644657536.0
0.3947015106678009,0.9207667112350464,0.0771578550338745,-708043136.0,-695914560.0,-25711912.0,408213408.0
0.39677694439888,0.9169820547103882,0.0774020254611969,-808719936.0,-636264512.0,-285555360.0,111889448.0
0.3981198966503143,0.9225979447364808,0.0815529227256774,-788961216.0,-478586496.0,-508109376.0,-207946064.0
0.3973873853683471,0.9273592829704284,0.0838725417852401,-652515136.0,-253581088.0,-650153344.0,-490043584.0
0.39665487408638,0.921743392944336,0.0798437297344207,-420316576.0,8603978.0,-697023232.0,-700242816.0
0.3937248289585113,0.919667899608612,0.0761811733245849,-126551984.0,269454496.0,-641880768.0,-807644416.0
0.3928702175617218,0.930899739265442,0.0815529227256774,185953184.0,490883744.0,-492649632.0,-796663296.0
0.3851788640022278,0.9727749824523926,0.0927847623825073,471290176.0,640100288.0,-271117984.0,-669009472.0
0.3859113752841949,0.9674032330513,0.0844829678535461,687660544.0,695454656.0,-9672858.0,-443050432.0
0.389207661151886,0.9730191826820374,0.0815529227256774,804370624.0,646295232.0,259334752.0,-144766752.0
0.3945794105529785,0.9986570477485656,0.0824075192213058,799060992.0,502314400.0,483356576.0,168729520.0
0.384690523147583,0.9873031377792358,0.0943718701601028,676537792.0,284171008.0,636564416.0,457439296.0
0.3735807538032532,0.9605664610862732,0.1040166020393371,454817600.0,24101916.0,696316544.0,678693504.0
0.3713832199573517,0.9619094133377076,0.0916859954595565,166185120.0,-239305120.0,654045440.0,800163520.0
0.3730924129486084,0.9791234135627748,0.0868025869131088,-147074624.0,-467430432.0,515838048.0,804183104.0
0.3710169792175293,0.9721645712852478,0.0919301658868789,-438675584.0,-626847552.0,301754240.0,690283840.0
0.3605176508426666,0.9503113031387328,0.1008423864841461,-669993984.0,-694720448.0,36385904.0,469115296.0
0.3586863577365875,0.9349285960197448,0.1012086421251297,-796631296.0,-657779072.0,-228323424.0,183016912.0
0.3612501621246338,0.9335856437683104,0.105847880244255,-806368384.0,-524204352.0,-459396032.0,-129833104.0
0.3657673001289367,0.9243071675300598,0.102673664689064,-697718848.0,-313608736.0,-623101120.0,-423679680.0
0.3666219115257263,0.9127090573310852,0.1048711985349655,-486680384.0,-56806504.0,-695343616.0,-655235840.0
0.3656452298164367,0.9048956036567688,0.1080454140901565,-204373056.0,208428160.0,-665481984.0,-790471104.0
0.3682090044021606,0.8975704908370972,0.1036503463983535,107872728.0,443166336.0,-537963520.0,-809619584.0
0.3667439818382263,0.8867049217224121,0.0968135744333267,410456128.0,616228416.0,-325743904.0,-706116672.0
0.3667439818382263,0.8871932625770569,0.0930289328098297,645398208.0,693926784.0,-70151432.0,-499927040.0
0.365156888961792,0.8953729867935181,0.0936393588781356,785650432.0,669914560.0,195673536.0,-220456992.0
0.3656452298164367,0.9022097587585448,0.0890001207590103,810722112.0,547769856.0,432731776.0,91337840.0
0.3678427636623382,0.915394961833954,0.0824075192213058,716952896.0,345366432.0,606301888.0,389897472.0
0.3696740269660949,0.9114882349967957,0.074960321187973,518027744.0,92351200.0,691010368.0,631303936.0
0.3690636157989502,0.9149066209793092,0.0782566219568252,236117440.0,-180635088.0,672714368.0,782302016.0
0.3716273903846741,0.9083139896392822,0.0833842009305954,-74766720.0,-420492416.0,554958208.0,813964992.0
0.3749237060546875,0.9046514630317688,0.0836283713579177,-374660928.0,-598595200.0,355939104.0,726320768.0
0.3793187737464905,0.9077035784721376,0.0778903663158416,-619713920.0,-688975040.0,104947288.0,532142464.0
0.3812721371650696,0.906971037387848,0.0731290429830551,-773954240.0,-678483328.0,-161346064.0,259892688.0
0.3820046484470367,0.9084360599517822,0.0736173838376998,-814785536.0,-568603520.0,-403967296.0,-50462272.0
0.3827371597290039,0.9103894233703612,0.0689781457185745,-736192128.0,-375531392.0,-587390720.0,-353399232.0
0.3885972499847412,0.922109603881836,0.0683677196502685,-544209984.0,-121000912.0,-685935424.0,-609596928.0
0.3876205682754516,0.9246734380722046,0.0664143562316894,-275585600.0,145543168.0,-680555712.0,-769828032.0
0.3871322274208069,0.9234525561332704,0.0709315091371536,33357612.0,390731424.0,-575470912.0,-817294912.0
0.3883530795574188,0.9311439394950868,0.0748382359743118,337522176.0,578633088.0,-386079456.0,-745068288.0
0.3877426385879516,0.9465266466140748,0.0763032585382461,592358592.0,681648128.0,-140148464.0,-563690624.0
0.3851788640022278,0.9387131929397584,0.0850933939218521,760495232.0,684603072.0,126557952.0,-299783616.0
0.3844463527202606,0.9277255535125732,0.0969356596469879,817202688.0,586985984.0,374813984.0,7949287.0
0.384812593460083,0.9265046715736388,0.0946160405874252,751108992.0,397984000.0,571970816.0,321270752.0
0.3866438865661621,0.9291905760765076,0.0898547172546386,574882816.0,154429280.0,679704768.0,580158848.0
0.3912831246852875,0.9213771224021912,0.0910755693912506,314424288.0,-111788592.0,687780992.0,754002304.0
0.3868880569934845,0.919423758983612,0.09510438144207,7997313.0,-361658880.0,595064064.0,817287680.0
0.3881089091300964,0.9213771224021912,0.0930289328098297,-299601280.0,-558501376.0,415228736.0,760803456.0
0.392259806394577,0.9251617789268494,0.0910755693912506,-563425856.0,-673486272.0,174557392.0,592805824.0
0.3862776160240173,0.9229642152786256,0.0902209728956222,-747541504.0,-689005824.0,-98324616.0,331219744.0
0.3843242526054382,0.923696756362915,0.0880234390497207,-816744448.0,-602047040.0,-350294688.0,26133728.0
0.3849346935749054,0.9276034832000732,0.0897326320409774,-766308672.0,-426808512.0,-550921984.0,-282863968.0
0.3832255005836487,0.9254059195518494,0.0916859954595565,-603600640.0,-188959680.0,-670777600.0,-550399296.0
0.3833475708961487,0.9152728319168092,0.0915639102458953,-352460416.0,76663136.0,-692326016.0,-737224960.0
0.3868880569934845,0.9094127416610718,0.0916859954595565,-49656104.0,331072608.0,-612380032.0,-815988608.0
0.3856672048568725,0.9092906713485718,0.0888780355453491,260379216.0,536936960.0,-442758336.0,-775105152.0
0.3884751498699188,0.9024538993835448,0.0848492234945297,537767232.0,666202240.0,-201902928.0,-615741568.0
0.3910389542579651,0.8956171274185181,0.0866805016994476,729322496.0,693688768.0,63346392.0,-368501472.0
0.389085590839386,0.8954950571060181,0.07874496281147,813897536.0,619679616.0,319335584.0,-67187784.0
0.392381876707077,0.8976925611495972,0.0774020254611969,779213888.0,454890272.0,528500416.0,243945424.0
0.3901843428611755,0.8987913727760315,0.0828958600759506,630388480.0,223324080.0,660272576.0,519324928.0
0.3857892751693725,0.8932974934577942,0.0836283713579177,389216352.0,-41067084.0,695348224.0,718496000.0
0.3832255005836487,0.8958613276481628,0.0824075192213058,91019824.0,-299427584.0,628609344.0,812299392.0
0.3863997161388397,0.908924400806427,0.0763032585382461,-227666800.0,-518327360.0,465042656.0,784959488.0
0.3871322274208069,0.9096569418907166,0.074349895119667,-505745536.0,-655330432.0,236312960.0,641748544.0
0.3833475708961487,0.9140520095825196,0.0726407021284103,-709700288.0,-696365376.0,-27015220.0,404465600.0
0.3850567638874054,0.9164937138557434,0.0726407021284103,-809651712.0,-635425280.0,-286296640.0,107956288.0
0.3876205682754516,0.9166157841682434,0.0692223161458969,-790963392.0,-481473728.0,-503667584.0,-204451440.0
0.3882309794425964,0.9261384606361388,0.0656818449497222,-656326272.0,-257119696.0,-647252352.0,-486940672.0
0.3898181021213531,0.9337077140808104,0.0671468675136566,-425576576.0,4901122.0,-695953280.0,-698162624.0
0.3907947838306427,0.9310218691825868,0.0744719803333282,-125237024.0,272504352.0,-640016448.0,-808305344.0
0.387864738702774,0.9339519143104552,0.0797216445207595,187209888.0,493495936.0,-490401184.0,-796142208.0
0.3870101273059845,0.9356610774993896,0.0785007923841476,472244672.0,642146624.0,-268896000.0,-667269888.0
0.3881089091300964,0.9340739846229552,0.081919178366661,688084608.0,696589888.0,-7920477.0,-440636832.0
0.3838359117507934,0.9265046715736388,0.0886338651180267,803039936.0,648857664.0,254325184.0,-149501712.0
0.3822488188743591,0.9190574884414672,0.0880234390497207,800190400.0,506049088.0,479359552.0,163540576.0
0.3805396258831024,0.9335856437683104,0.0909534841775894,675856896.0,283082080.0,636843136.0,458731264.0
0.3824929893016815,0.9392015337944032,0.0880234390497207,453881536.0,23414740.0,696167296.0,679496768.0
0.3810279667377472,0.9312660098075868,0.0886338651180267,165374256.0,-239806016.0,653448128.0,800669440.0
0.3815163075923919,0.9251617789268494,0.0902209728956222,-147292816.0,-467857440.0,514954112.0,804461312.0
0.3823708891868591,0.9302893280982972,0.0800879001617431,-438472096.0,-627351104.0,301097184.0,690242560.0
0.3833475708961487,0.9318764209747314,0.0826516896486282,-665439168.0,-694801216.0,43016836.0,474882176.0
0.3810279667377472,0.9191795587539672,0.0860700756311416,-794803520.0,-660336128.0,-221523424.0,189979968.0
0.3788304328918457,0.9151507616043092,0.0886338651180267,-806404864.0,-524693024.0,-458734624.0,-129970928.0
0.3784641623497009,0.91295325756073,0.0905872285366058,-698004608.0,-314279392.0,-622417664.0,-423716576.0
0.3751678764820099,0.9095348715782166,0.0893663763999939,-487294432.0,-57859340.0,-694898112.0,-655159936.0
0.3776095807552337,0.9185691475868224,0.0875350981950759,-205017392.0,207063296.0,-665490432.0,-790655872.0
0.3740690946578979,0.91331946849823,0.079355388879776,107265496.0,441661984.0,-538609280.0,-810092800.0
0.3729703426361084,0.9166157841682434,0.0770357698202133,403838944.0,611531520.0,-332777024.0,-710720960.0
0.3739470243453979,0.9163716435432434,0.0763032585382461,641161600.0,691743680.0,-78237352.0,-507151712.0
0.3774874806404114,0.9151507616043092,0.0771578550338745,786497152.0,668786176.0,194212176.0,-222149504.0
0.38029545545578,0.9186912178993224,0.0763032585382461,811947840.0,547219392.0,431471968.0,89694712.0
0.3816383779048919,0.9229642152786256,0.0783787071704864,718417920.0,345424928.0,605475456.0,388430496.0
0.3807837963104248,0.922109603881836,0.0814308375120163,519627328.0,92922328.0,690722944.0,630219200.0
0.3789525032043457,0.9234525561332704,0.0902209728956222,244753072.0,-173278624.0,674644608.0,779645184.0
0.3791966736316681,0.9287022352218628,0.0905872285366058,-65969024.0,-413984032.0,559719616.0,814801088.0
0.3810279667377472,0.9266268014907836,0.0893663763999939,-373618624.0,-597563584.0,357064960.0,727154048.0
0.3809058666229248,0.926016330718994,0.0868025869131088,-619164352.0,-688272448.0,106214576.0,533438400.0
0.3812721371650696,0.9299230575561525,0.0893663763999939,-774026496.0,-678047168.0,-160216224.0,261509488.0
0.3811500370502472,0.9247955083847046,0.0949822962284088,-815473984.0,-568331392.0,-403180608.0,-48667520.0
0.3811500370502472,0.921743392944336,0.0922964215278625,-737344384.0,-375328128.0,-587075328.0,-351732960.0
0.3815163075923919,0.9301672577857972,0.0904651433229446,-551118912.0,-127407256.0,-684870016.0,-603249472.0
0.3849346935749054,0.9302893280982972,0.0874130129814148,-284012992.0,139161744.0,-682296064.0,-766396864.0
0.3826150596141815,0.9247955083847046,0.0885117799043655,31995396.0,390928576.0,-576064640.0,-816836672.0
0.3818825483322143,0.9233304858207704,0.0911976546049118,336417888.0,578887488.0,-386826112.0,-744982784.0
0.3806616961956024,0.9206445813179016,0.0855817347764968,591558976.0,682052224.0,-140872656.0,-563860864.0
0.3810279667377472,0.919545829296112,0.0835062861442565,759930688.0,685241280.0,125710936.0,-300113344.0
0.3827371597290039,0.9245513081550598,0.0778903663158416,816897344.0,588030336.0,373845984.0,7728527.0
0.3817604780197143,0.9229642152786256,0.0765474289655685,754081280.0,404630912.0,567195776.0,314397440.0
0.3783420920372009,0.9200341701507568,0.0839946269989013,580767616.0,161793520.0,677424448.0,574934272.0
0.3740690946578979,0.9285801649093628,0.0924185067415237,315556000.0,-111335264.0,687339008.0,753999680.0
0.3746795356273651,0.9356610774993896,0.0902209728956222,9220470.0,-361490176.0,595142336.0,817292416.0
0.3706507086753845,0.9398120045661926,0.0910755693912506,-298545888.0,-558729664.0,415621728.0,760836096.0
0.3674764931201935,0.9345623254776,0.085703819990158,-562523328.0,-674107008.0,175151888.0,592782016.0
0.3657673001289367,0.9247955083847046,0.0883896946907043,-743947072.0,-690646528.0,-91055096.0,337906080.0
0.3674764931201935,0.9160053730010986,0.0922964215278625,-816307456.0,-605908352.0,-343966688.0,33550498.0
0.3734586834907532,0.9134415984153748,0.0930289328098297,-766457984.0,-427161952.0,-550561664.0,-282627360.0
0.377121239900589,0.9125869870185852,0.1013307273387909,-604053376.0,-189124576.0,-670634880.0,-550019840.0
0.3757782876491546,0.9030643105506896,0.1015748977661132,-353181888.0,76786272.0,-692454720.0,-736745792.0
0.3784641623497009,0.9030643105506896,0.097668170928955,-50560292.0,331387936.0,-612839296.0,-815460096.0
0.3853009343147278,0.9046514630317688,0.0959589779376983,259511536.0,537389440.0,-443432352.0,-774697088.0
0.3861555457115173,0.9047735333442688,0.0897326320409774,531555648.0,664704000.0,-209067792.0,-620346176.0
0.3866438865661621,0.8980588316917419,0.0848492234945297,725623936.0,694670080.0,55939888.0,-375094176.0
0.387864738702774,0.9005005359649658,0.0754486620426178,813835776.0,620075072.0,318673248.0,-67432656.0
0.3894518315792084,0.910755693912506,0.0732511281967163,779366784.0,455359200.0,528010880.0,243642064.0
0.3910389542579651,0.9052618741989136,0.0745940655469894,630777536.0,223931840.0,660002112.0,518934400.0
0.3889634907245636,0.9051398038864136,0.0777682811021804,389800032.0,-40376768.0,695340608.0,718225984.0
0.389085590839386,0.9119765758514404,0.0767915993928909,91706560.0,-298682688.0,628866560.0,812297280.0
0.3962886035442352,0.915517032146454,0.0714198499917984,-219876048.0,-513119680.0,470411296.0,787399168.0
0.3989744782447815,0.9169820547103882,0.0659260153770446,-499336704.0,-652470912.0,243106128.0,647120896.0
0.399829089641571,0.9164937138557434,0.0683677196502685,-709280256.0,-696097792.0,-26466664.0,405697472.0
0.4036137163639068,0.919423758983612,0.0649493336677551,-809518528.0,-635585600.0,-285821088.0,109263352.0
0.4055670797824859,0.9316322803497314,0.0611646920442581,-791197696.0,-481955616.0,-503288128.0,-203340880.0
0.4019045233726501,0.9285801649093628,0.0671468675136566,-656994688.0,-257557728.0,-647037440.0,-486092608.0
0.3983640670776367,0.9269930124282836,0.0708094239234924,-426478944.0,4709471.0,-695968064.0,-697598400.0
0.4005616009235382,0.9254059195518494,0.0644609928131103,-133435384.0,266139056.0,-642981632.0,-806759616.0
0.4014161825180053,0.9341960549354552,0.0605542659759521,179316528.0,488547616.0,-495840864.0,-797640384.0
0.401172012090683,0.9377365112304688,0.0660481005907058,471800000.0,641986944.0,-269895392.0,-667334656.0
0.4001953303813934,0.9388353228569032,0.0675131231546402,687951552.0,696635072.0,-9165180.0,-440749088.0
0.4001953303813934,0.9382248520851136,0.0736173838376998,803309504.0,649040576.0,252960768.0,-149574432.0
0.4000732600688934,0.9354169368743896,0.0775241106748581,800890624.0,506171968.0,478043264.0,163585776.0
0.3976315557956695,0.9317543506622314,0.0780124515295028,681019584.0,289096064.0,632983936.0,452646208.0
0.3931143879890442,0.926016330718994,0.0805762410163879,461245056.0,29507228.0,695156736.0,675322816.0
0.3882309794425964,0.9249175786972046,0.0855817347764968,166686016.0,-240729344.0,653126208.0,800382912.0
0.3863997161388397,0.921865463256836,0.0854596495628357,-146307424.0,-469018944.0,515111232.0,803864000.0
0.3840800821781158,0.9138078093528748,0.0918080806732177,-437697152.0,-628517952.0,301448000.0,689519360.0
0.3810279667377472,0.9150286912918092,0.0968135744333267,-664883840.0,-695822272.0,43505656.0,474119840.0
0.3801733553409576,0.9116103053092957,0.0968135744333267,-794558336.0,-661062592.0,-220900560.0,189203088.0
0.3826150596141815,0.9030643105506896,0.086314246058464,-807576704.0,-529429856.0,-452985472.0,-123488920.0
0.3799291849136352,0.9081919193267822,0.0866805016994476,-702149824.0,-320238080.0,-618600960.0,-417956416.0
0.3823708891868591,0.9134415984153748,0.0852154791355133,-487781280.0,-57501024.0,-694189440.0,-655580352.0
0.3801733553409576,0.9112440347671508,0.0872909277677536,-205703552.0,207696864.0,-665031296.0,-790697792.0
0.3785862624645233,0.9119765758514404,0.0905872285366058,106590872.0,442527392.0,-538321088.0,-809901120.0
0.377243310213089,0.9164937138557434,0.0881455242633819,403223296.0,612444608.0,-332765824.0,-710289344.0
0.3790746033191681,0.9265046715736388,0.0805762410163879,640764032.0,692559808.0,-78596592.0,-506484416.0
0.3810279667377472,0.9272372126579284,0.0844829678535461,784482624.0,671033664.0,187216384.0,-228412736.0
0.376022458076477,0.9141740798950196,0.0927847623825073,813164288.0,550941952.0,425746528.0,82994992.0
0.3726040720939636,0.9063606262207032,0.0929068475961685,719009024.0,344340480.0,605300608.0,388572224.0
0.3744353652000427,0.91295325756073,0.0852154791355133,520014816.0,91603848.0,690929408.0,629866176.0
0.3751678764820099,0.9199120998382568,0.0813087522983551,244746688.0,-174471872.0,675290624.0,778821312.0
0.3761445581912994,0.9211329221725464,0.0769136846065521,-66478744.0,-415002624.0,560690048.0,813573312.0
0.3746795356273651,0.9235746264457704,0.0764253437519073,-367967584.0,-594731072.0,363878720.0,728977792.0
0.372848242521286,0.923940896987915,0.074960321187973,-615378688.0,-687283968.0,113803640.0,537512832.0
0.3705286383628845,0.9300451874732972,0.0810645818710327,-774944000.0,-677641792.0,-159512896.0,260270272.0
0.3699181973934173,0.9379807114601136,0.0813087522983551,-816033600.0,-567712640.0,-402797248.0,-49673264.0
0.3668660819530487,0.9385911226272584,0.0849713087081909,-737549440.0,-374516128.0,-587012352.0,-352273312.0
0.3668660819530487,0.932731032371521,0.08692467212677,-550933184.0,-126301984.0,-685183680.0,-603295296.0
0.3680869340896606,0.9313880801200868,0.08692467212677,-283511168.0,140433920.0,-682843392.0,-765862976.0
0.3705286383628845,0.9279696941375732,0.0880234390497207,25459712.0,386554624.0,-580336896.0,-816123712.0
0.3693077862262726,0.9287022352218628,0.0883896946907043,330711616.0,576019136.0,-392717600.0,-746676736.0
0.368453174829483,0.930899739265442,0.0910755693912506,592494848.0,682427072.0,-141025520.0,-562384576.0
0.3678427636623382,0.9296789169311525,0.0905872285366058,760629312.0,685135552.0,125765864.0,-298557760.0
0.3654010593891144,0.9265046715736388,0.0902209728956222,817202688.0,587390144.0,374156064.0,9020218.0
0.3632035255432129,0.9334635734558104,0.0861921608448028,753933184.0,403631808.0,567623808.0,315263072.0
0.36405810713768,0.9346843957901,0.08692467212677,580118912.0,160595712.0,677875264.0,575393536.0
0.3630814254283905,0.9265046715736388,0.0919301658868789,321398688.0,-105998544.0,688676352.0,751074944.0
0.3595409691333771,0.9189354181289672,0.0985227674245834,15617063.0,-357232384.0,598425280.0,816669952.0
0.3579538464546203,0.9278476238250732,0.0936393588781356,-299302048.0,-560070208.0,415289600.0,759733952.0
0.3638139367103576,0.9361494183540344,0.0893663763999939,-563075456.0,-675040960.0,174920544.0,591261440.0
0.3613722324371338,0.9278476238250732,0.0870467573404312,-744312512.0,-691109376.0,-91273776.0,336091232.0
0.3616164028644562,0.9186912178993224,0.0926626771688461,-816394368.0,-605795264.0,-344126720.0,31790184.0
0.3580759465694427,0.9232084155082704,0.098889023065567,-768847168.0,-431687872.0,-546509888.0,-277070528.0
0.3610059916973114,0.9261384606361388,0.0949822962284088,-608617216.0,-194377376.0,-668777920.0,-545399040.0
0.3641802072525024,0.9232084155082704,0.0897326320409774,-359222976.0,71320512.0,-693085376.0,-733775424.0
0.3658894002437591,0.9265046715736388,0.0890001207590103,-49786008.0,332470912.0,-612795200.0,-815100032.0
0.3690636157989502,0.9247955083847046,0.0927847623825073,260379264.0,538289088.0,-443419584.0,-773788096.0
0.3718715608119964,0.9206445813179016,0.0920522511005401,532323808.0,665206848.0,-209097216.0,-619137344.0
0.3705286383628845,0.925650119781494,0.0908313989639282,726307520.0,694674944.0,55883740.0,-373768128.0
0.3740690946578979,0.9204004406929016,0.0843608826398849,813842496.0,622423424.0,312641536.0,-73662568.0
0.3750457763671875,0.921865463256836,0.0820412635803222,782116160.0,459057376.0,523622912.0,237278688.0
0.3762666285037994,0.9267488718032836,0.0844829678535461,631149440.0,222175904.0,660074944.0,519144256.0
0.3777316510677337,0.9276034832000732,0.0805762410163879,389793696.0,-42101384.0,695537920.0,717939328.0
0.3763887286186218,0.9312660098075868,0.0841167122125625,91298384.0,-300233408.0,629085952.0,811601408.0
0.3805396258831024,0.924062967300415,0.0771578550338745,-220524416.0,-514339680.0,470605216.0,786305216.0
0.3837138414382934,0.930899739265442,0.073739469051361,-500108928.0,-653097920.0,243313904.0,645812672.0
0.3823708891868591,0.9405444860458374,0.0836283713579177,-706596608.0,-696083200.0,-19747698.0,410756480.0
0.38029545545578,0.9335856437683104,0.0745940655469894,-809466368.0,-637179136.0,-279898656.0,115521360.0
0.384812593460083,0.9343181252479552,0.0700769126415252,-791841792.0,-480244448.0,-503698880.0,-203864752.0
0.3877426385879516,0.9312660098075868,0.0628738850355148,-656978816.0,-255797712.0,-647673152.0,-486196800.0
0.3898181021213531,0.9407886862754822,0.0575021356344223,-425771040.0,6005138.0,-696696000.0,-697294144.0
0.3866438865661621,0.9322426915168762,0.0644609928131103,-132187376.0,267134400.0,-643491904.0,-806229120.0
0.383591741323471,0.9182028770446776,0.0763032585382461,180606976.0,489205504.0,-495786560.0,-796979456.0
0.3857892751693725,0.917714536190033,0.0760590881109237,466913504.0,639516736.0,-275461248.0,-670859712.0
0.3877426385879516,0.9263826012611388,0.0716640204191207,684821824.0,696069248.0,-14855114.0,-446326720.0
0.3887193202972412,0.937126100063324,0.0776461958885192,803784256.0,648082240.0,254177664.0,-149115744.0
0.3829813301563263,0.9278476238250732,0.0836283713579177,800880832.0,504863904.0,479395200.0,163719552.0
0.3789525032043457,0.9300451874732972,0.0821633487939834,680470656.0,287447648.0,634328576.0,452639200.0
0.3849346935749054,0.9366377592086792,0.07056525349617,460068000.0,27990440.0,696125824.0,675192064.0
0.384812593460083,0.941277027130127,0.0649493336677551,171983488.0,-235661360.0,655668544.0,798689920.0
0.3816383779048919,0.9202783703804016,0.0736173838376998,-141201760.0,-464904448.0,518689952.0,804865280.0
0.3778537511825561,0.9117323756217957,0.0953485518693924,-439636672.0,-628823872.0,299298432.0,688942720.0
0.3746795356273651,0.9084360599517822,0.1009644716978073,-666062464.0,-695570944.0,40596200.0,473091296.0
0.3788304328918457,0.9005005359649658,0.0957148075103759,-794559936.0,-660444992.0,-223945712.0,187767792.0
0.3806616961956024,0.8994017839431763,0.1024294942617416,-806473280.0,-528519872.0,-455607200.0,-124944632.0
0.3796850144863128,0.9127090573310852,0.1024294942617416,-700138304.0,-319102176.0,-620459584.0,-419441952.0
0.3817604780197143,0.9241850972175598,0.0922964215278625,-491063328.0,-63053936.0,-694305472.0,-652489408.0
0.3845684230327606,0.9182028770446776,0.0896105468273162,-209952112.0,202286336.0,-666330944.0,-789889216.0
0.3821267187595367,0.9160053730010986,0.0813087522983551,109249336.0,443188512.0,-536577600.0,-810342208.0
0.3828592300415039,0.9186912178993224,0.0858259052038192,405343904.0,612675264.0,-330205312.0,-710078400.0
0.3745574355125427,0.906848967075348,0.0981565117835998,641893696.0,692334784.0,-75110456.0,-505890272.0
0.377121239900589,0.9119765758514404,0.0931510180234909,784281984.0,670571392.0,190817056.0,-227477664.0
0.3801733553409576,0.917714536190033,0.0877792686223983,811684992.0,550665152.0,428658112.0,84315792.0
0.3790746033191681,0.917470395565033,0.0933951884508133,720177920.0,350042720.0,603736320.0,383715744.0
0.3791966736316681,0.9252838492393494,0.0920522511005401,523095392.0,98217952.0,690378496.0,626915840.0
0.3795629441738128,0.9310218691825868,0.0830179452896118,242228512.0,-174408336.0,674351808.0,780434688.0
0.3837138414382934,0.9321206212043762,0.0780124515295028,-68620336.0,-414849376.0,558672320.0,814860736.0
0.3818825483322143,0.9273592829704284,0.0769136846065521,-369392352.0,-594513216.0,361079712.0,729826240.0
0.3791966736316681,0.9243071675300598,0.0833842009305954,-616026176.0,-686997632.0,110423120.0,537842240.0
0.3785862624645233,0.9224758744239808,0.0879013538360595,-772360192.0,-678667008.0,-156472256.0,267036864.0
0.3768770694732666,0.9162495136260986,0.0798437297344207,-815336320.0,-570903680.0,-400464832.0,-42954408.0
0.3806616961956024,0.9233304858207704,0.0822854340076446,-738766784.0,-379445280.0,-585639104.0,-346689024.0
0.3789525032043457,0.9145403504371644,0.098278596997261,-548592704.0,-125608944.0,-686193408.0,-604424128.0
0.3718715608119964,0.9100232124328612,0.0980344265699386,-281137856.0,141032064.0,-682734464.0,-766724608.0
0.3784641623497009,0.9278476238250732,0.090709313750267,27664784.0,386767040.0,-579371264.0,-816637248.0
0.3818825483322143,0.9330973029136658,0.0893663763999939,332418496.0,575742912.0,-391187296.0,-746935104.0
0.3805396258831024,0.9299230575561525,0.0916859954595565,588533632.0,680405184.0,-145550224.0,-567814720.0
0.3793187737464905,0.9310218691825868,0.0952264666557312,758453120.0,685257344.0,121488968.0,-305504704.0
0.3762666285037994,0.9273592829704284,0.0947381258010864,817043840.0,586148096.0,376445792.0,8932865.0
0.3773654103279114,0.9228421449661256,0.0936393588781356,753070720.0,402411328.0,569650944.0,315228320.0
0.3795629441738128,0.9272372126579284,0.0885117799043655,578613248.0,159738464.0,679376640.0,575377472.0
0.3845684230327606,0.9322426915168762,0.0875350981950759,319302784.0,-106289464.0,689457472.0,751211136.0
0.3818825483322143,0.922109603881836,0.0953485518693924,13286967.0,-356906848.0,598334208.0,816920256.0
0.3806616961956024,0.917470395565033,0.0949822962284088,-294570336.0,-555209216.0,419575936.0,762790016.0
0.3832255005836487,0.9271151423454284,0.0932731032371521,-559321728.0,-672098432.0,179436128.0,596797376.0
0.3818825483322143,0.9310218691825868,0.0887559503316879,-745095552.0,-689744192.0,-93577672.0,336526720.0
0.3816383779048919,0.9339519143104552,0.089488461613655,-816303104.0,-604623296.0,-346387008.0,31896940.0
0.3810279667377472,0.9310218691825868,0.090709313750267,-767858496.0,-430737024.0,-548464128.0,-277430304.0
0.3812721371650696,0.9343181252479552,0.0936393588781356,-606782336.0,-193591024.0,-670075584.0,-546129984.0
0.3769991397857666,0.925894260406494,0.0963252335786819,-356740160.0,72102824.0,-693385536.0,-734626176.0
0.3799291849136352,0.9272372126579284,0.0959589779376983,-54333156.0,327172224.0,-614953536.0,-815328064.0
0.3815163075923919,0.9312660098075868,0.0890001207590103,256081472.0,534173184.0,-446437824.0,-776335040.0
0.3779758214950561,0.9289463758468628,0.0861921608448028,534450816.0,664972864.0,-206106480.0,-618558784.0
0.3793187737464905,0.9265046715736388,0.091319739818573,727432768.0,693987840.0,59273432.0,-372331392.0
0.3776095807552337,0.9343181252479552,0.0960810631513595,813732288.0,621178624.0,315887616.0,-71507632.0
0.3765107989311218,0.9385911226272584,0.0941276997327804,780666560.0,457253920.0,526180448.0,239862992.0
0.376022458076477,0.9373703002929688,0.0948602110147476,633131328.0,226244992.0,659252800.0,516008928.0
0.3748016059398651,0.937248170375824,0.0955927222967147,392700992.0,-38084764.0,695584512.0,716532736.0
0.3740690946578979,0.930777668952942,0.0927847623825073,87335088.0,-302909824.0,627053184.0,812615552.0
0.377121239900589,0.9245513081550598,0.0958368927240371,-224360912.0,-516584576.0,467027200.0,785881472.0
0.3739470243453979,0.9250396490097046,0.0941276997327804,-503127712.0,-654542592.0,238500816.0,643797632.0
0.3715053200721741,0.9263826012611388,0.0919301658868789,-708042240.0,-696515840.0,-24975096.0,407234112.0
0.3723599016666412,0.9266268014907836,0.0926626771688461,-809089088.0,-636326336.0,-284730784.0,110966216.0
0.3708948791027069,0.926016330718994,0.0991331934928894,-791527232.0,-482723296.0,-502753888.0,-201551264.0
0.3682090044021606,0.9243071675300598,0.1023074090480804,-657905152.0,-258272816.0,-647047744.0,-484465344.0
0.3693077862262726,0.9183250069618224,0.1068245619535446,-421549408.0,10776167.0,-696409984.0,-700081856.0
0.3695519566535949,0.9128311276435852,0.1063362210988998,-127726144.0,272039456.0,-641248320.0,-807095168.0
0.3679648339748382,0.9095348715782166,0.098889023065567,184753616.0,493408800.0,-492131488.0,-795702208.0
0.3717494904994964,0.9034305810928344,0.0996215343475341,470196960.0,642473664.0,-270764480.0,-667645504.0
0.3701623678207397,0.8931754231452942,0.0924185067415237,686493952.0,697471552.0,-9754217.0,-441685248.0
0.368331104516983,0.904529333114624,0.0952264666557312,802175616.0,650239936.0,252648224.0,-150972544.0
0.3708948791027069,0.9003784656524658,0.0835062861442565,800183936.0,507829088.0,478043584.0,161898624.0
0.3711390495300293,0.9017214179039,0.0826516896486282,676740864.0,285057376.0,636209344.0,457081248.0
0.3658894002437591,0.9022097587585448,0.0893663763999939,455607968.0,25239670.0,696478016.0,677955904.0
0.36405810713768,0.919301688671112,0.0854596495628357,167668656.0,-238066592.0,654909824.0,799516224.0
0.3688194453716278,0.925772190093994,0.0806983262300491,-144875632.0,-466429024.0,517563360.0,804055168.0
0.3732145130634308,0.9247955083847046,0.0722744464874267,-436346688.0,-626538752.0,304424384.0,690867584.0
0.3757782876491546,0.9250396490097046,0.0769136846065521,-664073024.0,-694744320.0,46483232.0,476548160.0
0.3745574355125427,0.9178366661071776,0.0872909277677536,-794556864.0,-660916160.0,-218434608.0,192553840.0
0.3733365833759308,0.8981809020042419,0.0870467573404312,-807330176.0,-525885696.0,-456615168.0,-126831952.0
0.376022458076477,0.8972042202949524,0.0816750079393386,-699887104.0,-316175328.0,-621562944.0,-420442816.0
0.3795629441738128,0.9055060148239136,0.0766695141792297,-489762240.0,-60308656.0,-695466240.0,-652490624.0
0.3826150596141815,0.9116103053092957,0.0765474289655685,-207813104.0,204395056.0,-667446016.0,-788969984.0
0.3800512850284576,0.9134415984153748,0.0849713087081909,104451352.0,439153024.0,-541499904.0,-809897472.0
0.3788304328918457,0.9161274433135986,0.0946160405874252,401398560.0,609552832.0,-336061152.0,-712256192.0
0.3776095807552337,0.9112440347671508,0.0935172736644744,643943616.0,691506304.0,-74830248.0,-504457696.0
0.3800512850284576,0.9168599843978882,0.0933951884508133,785740544.0,669115008.0,191322528.0,-226305440.0
0.3824929893016815,0.9261384606361388,0.0946160405874252,812546816.0,548722496.0,429370592.0,85050824.0
