0.5514588952064514,0.8333536982536316,0.07496032118797302,587193856.0,674754880.0,-143412224.0,-576423168.0
0.5515810251235962,0.8335978388786316,0.0722744464874267,760362368.0,679968896.0,120023776.0,-313061056.0
0.5491393208503723,0.8342082500457764,0.0766695141792297,822261952.0,585513664.0,366012736.0,-3905055.0
0.5496276617050171,0.8375045657157898,0.0780124515295028,763782784.0,405354528.0,558342784.0,305775168.0
0.5514588952064514,0.8393358588218689,0.0753265768289566,593482496.0,165888384.0,668921472.0,570723328.0
0.5495055317878723,0.8305457234382629,0.0750824064016342,329614208.0,-104604808.0,680785728.0,754893760.0
0.547796368598938,0.8405566811561584,0.0728848725557327,22420546.0,-353059264.0,591673152.0,823219840.0
0.5518251657485962,0.8357954025268555,0.0701989978551864,-288158208.0,-549874880.0,415908512.0,771066880.0
0.5514588952064514,0.8361616134643555,0.066780611872673,-556503616.0,-666189056.0,179358512.0,606009856.0
0.5543889403343201,0.8515443801879883,0.074960321187973,-743693888.0,-684676480.0,-83549560.0,352247712.0
0.5549994111061096,0.8271273374557495,0.0692223161458969,-821807744.0,-602896064.0,-334457664.0,46989004.0
0.5509705543518066,0.8362837433815002,0.0632401406764984,-779362880.0,-433027392.0,-536359392.0,-265180784.0
0.5571969151496887,0.8390916585922241,0.0656818449497222,-617952640.0,-193244848.0,-661553984.0,-544112832.0
0.5545110702514648,0.8314003348350525,0.074349895119667,-368425184.0,69695288.0,-685624256.0,-736373760.0
0.5528018474578857,0.8306677937507629,0.0763032585382461,-64979468.0,322437504.0,-609206592.0,-820731712.0
0.5526797771453857,0.8310340642929077,0.0653155893087387,248115024.0,527972096.0,-443746656.0,-784662208.0
0.5528018474578857,0.8318886756896973,0.0780124515295028,524796384.0,656047296.0,-213152480.0,-633780864.0
0.5503601431846619,0.8196801543235779,0.0990111082792282,724532608.0,687814272.0,49097800.0,-390480352.0
0.5474300980567932,0.82602858543396,0.0927847623825073,818744128.0,616073472.0,310162784.0,-82656848.0
0.5569527745246887,0.841411292552948,0.0880234390497207,789503104.0,454971488.0,518816672.0,231163632.0
0.552435576915741,0.8252960443496704,0.0836283713579177,644603584.0,227207680.0,651728000.0,510915840.0
0.539250373840332,0.8300573825836182,0.0979123413562774,405537280.0,-34161228.0,689147456.0,715800128.0
0.5453546643257141,0.8279819488525391,0.1049932837486267,107295624.0,-290373568.0,625586944.0,815924800.0
0.5475521683692932,0.8266389966011047,0.090709313750267,-206769296.0,-504137312.0,470799200.0,796468224.0
0.5473080277442932,0.8389695882797241,0.0810645818710327,-490666176.0,-644159680.0,247411104.0,660313728.0
0.552435576915741,0.8515443801879883,0.0805762410163879,-706710912.0,-689744128.0,-18843376.0,421164032.0
0.5499938726425171,0.8309119939804077,0.0750824064016342,-813302528.0,-632152640.0,-276190912.0,124748448.0
0.556708574295044,0.8393358588218689,0.0539616644382476,-800589312.0,-482440736.0,-492990816.0,-190234704.0
0.5619582533836365,0.8462947010993958,0.0561591982841491,-670637312.0,-262081872.0,-637549760.0,-477504416.0
0.5615919828414917,0.8444634079933167,0.0553046017885208,-442378080.0,-3413208.0,-688858240.0,-694755968.0
0.5528018474578857,0.8196801543235779,0.0720302760601043,-149786672.0,256271872.0,-639069632.0,-810185280.0
0.556586503982544,0.8249297738075256,0.0691002309322357,164872016.0,478261440.0,-495805152.0,-806958464.0
0.5547552108764648,0.8344524502754211,0.0715419352054596,461509280.0,632978496.0,-273848576.0,-681377920.0
0.5536564588546753,0.841411292552948,0.0565254539251327,683405568.0,690454400.0,-16745109.0,-457023712.0
0.5424246191978455,0.8136979341506958,0.0848492234945297,805133824.0,646302080.0,243530912.0,-166335040.0
0.5408375263214111,0.8166279792785645,0.0879013538360595,808792448.0,507543520.0,468055552.0,148660288.0
0.5441337823867798,0.8334757685661316,0.0892442911863327,693956736.0,294575168.0,623873280.0,441987808.0
0.5515810251235962,0.8240752220153809,0.0890001207590103,477531744.0,38502216.0,688283520.0,670573120.0
0.5552435517311096,0.8318886756896973,0.0800879001617431,183890080.0,-229364112.0,649957312.0,802529408.0
0.5611036419868469,0.8305457234382629,0.0848492234945297,-130830976.0,-456878144.0,516150400.0,812807424.0
0.5549994111061096,0.8311561346054077,0.0949822962284088,-426215296.0,-617462528.0,306623040.0,704261568.0
0.5536564588546753,0.82615065574646,0.0902209728956222,-659178816.0,-687825664.0,52219140.0,492517856.0
0.5508484840393066,0.8405566811561584,0.0847271382808685,-795602944.0,-657652160.0,-209585216.0,208578880.0
0.5525577068328857,0.8345745205879211,0.0877792686223983,-815654784.0,-531192768.0,-440745856.0,-105859024.0
0.5466976165771484,0.7948968410491943,0.098889023065567,-716235136.0,-327131744.0,-607938432.0,-404134144.0
0.5416920781135559,0.8588694930076599,0.1023074090480804,-506282976.0,-69037112.0,-686848704.0,-648129408.0
0.5518251657485962,0.8168721795082092,0.0871688425540924,-225866272.0,193102544.0,-662848384.0,-790727104.0
0.5454767346382141,0.8433646559715271,0.0866805016994476,87635448.0,426864096.0,-542269696.0,-817907200.0
0.5501160025596619,0.8427542448043823,0.0827737748622894,388417312.0,598267008.0,-342411936.0,-725867904.0
0.5562202334403992,0.8517885208129883,0.0654376745223999,632786688.0,682230592.0,-92638160.0,-527714048.0
0.5560981631278992,0.8471493124961853,0.0655597597360611,784978240.0,666113920.0,171034080.0,-252527568.0
0.5552435517311096,0.8244414329528809,0.0714198499917984,822384896.0,552327680.0,409894176.0,59375284.0
0.5519472360610962,0.8267610669136047,0.0838725417852401,736248128.0,351897824.0,592316608.0,369038080.0
0.5532901883125305,0.8267610669136047,0.078134536743164,542708928.0,104245760.0,682810560.0,617487744.0
0.5510926842689514,0.8344524502754211,0.0732511281967163,269654336.0,-158509376.0,673505344.0,775547136.0
0.5474300980567932,0.8384812474250793,0.069954827427864,-42900140.0,-398182976.0,565599168.0,820139584.0
0.5518251657485962,0.8375045657157898,0.0655597597360611,-349255040.0,-579550400.0,374870816.0,744671488.0
0.5512147545814514,0.832621157169342,0.0648272484540939,-604404032.0,-676132800.0,129236408.0,560142528.0
0.5543889403343201,0.8298131823539734,0.066170185804367,-771000000.0,-673771328.0,-135220560.0,293646240.0
0.5609815716743469,0.8331094980239868,0.0564033687114715,-824390208.0,-569444096.0,-385349120.0,-23276514.0
0.5589061379432678,0.8349407911300659,0.0583567321300506,-754478720.0,-383275776.0,-572556160.0,-330094688.0
0.5559760928153992,0.8305457234382629,0.0644609928131103,-574269568.0,-140849648.0,-675914816.0,-588588608.0
0.5552435517311096,0.8332315683364868,0.0626297146081924,-309886368.0,122255616.0,-680322944.0,-760990272.0
0.5553656220436096,0.8272494077682495,0.0620192885398864,-128652.0,367541184.0,-585114368.0,-821873600.0
0.5535343885421753,0.8317665457725525,0.067391037940979,309543168.0,558949184.0,-404195872.0,-762434304.0
0.5530460476875305,0.8267610669136047,0.0680014640092849,579008128.0,670257152.0,-157509712.0,-586188608.0
0.5513368248939514,0.8267610669136047,0.0712977647781372,756851840.0,679660736.0,106666016.0,-326772800.0
0.5509705543518066,0.8299353122711182,0.07056525349617,823905344.0,589587968.0,355110464.0,-19597272.0
0.5545110702514648,0.8257843852043152,0.0615309476852417,770274048.0,413344256.0,551632320.0,290598880.0
0.5528018474578857,0.8304236531257629,0.0734952986240387,604040448.0,176369712.0,667269120.0,558303040.0
0.5491393208503723,0.8222439289093018,0.0795995593070983,349538624.0,-86666208.0,685112256.0,744213952.0
0.5517030954360962,0.8317665457725525,0.0771578550338745,43716288.0,-336885632.0,602700544.0,821139776.0
0.5513368248939514,0.8305457234382629,0.0791112184524536,-275319680.0,-542046912.0,426813696.0,775329472.0
0.5482847094535828,0.8278598189353943,0.083140030503273,-546637888.0,-662071296.0,191842896.0,615602496.0
0.5497497320175171,0.8350628614425659,0.0821633487939834,-738003520.0,-685167936.0,-71126688.0,365729696.0
0.5535343885421753,0.837138295173645,0.0732511281967163,-821322176.0,-608120640.0,-323524864.0,62228188.0
0.5525577068328857,0.8322548866271973,0.0725186169147491,-784418624.0,-442080480.0,-528663552.0,-250376896.0
0.5514588952064514,0.8372604250907898,0.0776461958885192,-632774656.0,-211210320.0,-656355008.0,-526408640.0
0.5532901883125305,0.8339641094207764,0.0764253437519073,-388581920.0,50472844.0,-687951680.0,-725327936.0
0.5525577068328857,0.832499086856842,0.0755707472562789,-80208848.0,310897312.0,-616036352.0,-818736896.0
0.5528018474578857,0.8318886756896973,0.0798437297344207,233490528.0,519125536.0,-454561440.0,-788851200.0
0.5542668700218201,0.8362837433815002,0.0769136846065521,513065696.0,651355264.0,-226648512.0,-643468608.0
0.5534122586250305,0.8355512022972107,0.0691002309322357,717497664.0,688377792.0,34379440.0,-403822592.0
0.5532901883125305,0.8404346108436584,0.0693444013595581,816922496.0,624712768.0,290251264.0,-105106272.0
0.5532901883125305,0.8395799994468689,0.0678793787956237,796828928.0,469617696.0,503725632.0,209057072.0
0.5503601431846619,0.8314003348350525,0.0722744464874267,655712000.0,239415488.0,646030528.0,498285120.0
0.5528018474578857,0.8389695882797241,0.0725186169147491,420367648.0,-20622920.0,689261824.0,707605376.0
0.5551214814186096,0.8340861797332764,0.0697106570005416,123445048.0,-277681632.0,631655808.0,813379776.0
0.5540227293968201,0.8334757685661316,0.0714198499917984,-191531552.0,-494143168.0,481549376.0,800106176.0
0.5554877519607544,0.8338420391082764,0.0665364414453506,-478503904.0,-638284288.0,260995152.0,669649344.0
0.5560981631278992,0.8311561346054077,0.0682456344366073,-695388672.0,-688966976.0,2217851.0,441220704.0
0.5541447997093201,0.8276156783103943,0.0701989978551864,-810457664.0,-638814016.0,-256931600.0,148265632.0
0.5501160025596619,0.8249297738075256,0.0688560605049133,-805185088.0,-490658592.0,-483491296.0,-173461248.0
0.5530460476875305,0.8316444754600525,0.0659260153770446,-680649984.0,-273501568.0,-633014784.0,-462737856.0
0.5525577068328857,0.8267610669136047,0.0691002309322357,-456546976.0,-16155872.0,-689888640.0,-684309184.0
0.5510926842689514,0.8241972923278809,0.0700769126415252,-165686528.0,243601120.0,-645787136.0,-805659328.0
0.5508484840393066,0.8243193626403809,0.0727627873420715,149378544.0,467725408.0,-507126592.0,-809112576.0
0.5531681180000305,0.8338420391082764,0.0766695141792297,442697376.0,623296064.0,-294211648.0,-694177280.0
0.5548772811889648,0.8357954025268555,0.0792333036661148,671215808.0,687536064.0,-38272604.0,-477723936.0
0.548040509223938,0.8278598189353943,0.0680014640092849,802854400.0,649342400.0,229745648.0,-184167536.0
0.552069365978241,0.8311561346054077,0.0658039301633834,812694592.0,515986912.0,457331936.0,130590952.0
0.5514588952064514,0.8355512022972107,0.0706873387098312,703692736.0,307059040.0,617888576.0,426223456.0
0.5510926842689514,0.8354291319847107,0.0765474289655685,491787744.0,53053000.0,687952064.0,659525376.0
0.5540227293968201,0.8383591771125793,0.0756928324699401,207895792.0,-208627472.0,657307584.0,796317888.0
0.556708574295044,0.836772084236145,0.0698327422142028,-106502720.0,-439740768.0,530602752.0,816497088.0
0.5559760928153992,0.8340861797332764,0.0692223161458969,-405229184.0,-606545088.0,326318816.0,717167936.0
0.5558539628982544,0.8257843852043152,0.0832621157169342,-649008640.0,-685421056.0,67506256.0,507296960.0
0.5510926842689514,0.8439750671386719,0.0814308375120163,-791448576.0,-661178432.0,-194881360.0,226704640.0
0.5558539628982544,0.8205347061157227,0.0766695141792297,-818127744.0,-540360640.0,-428989408.0,-86988176.0
0.5496276617050171,0.8240752220153809,0.0708094239234924,-724951744.0,-341106880.0,-600548224.0,-387755520.0
0.5491393208503723,0.8366499543190002,0.0759370028972625,-525984704.0,-92133424.0,-684385600.0,-631972608.0
0.5530460476875305,0.8418996334075928,0.0626297146081924,-250018240.0,170182048.0,-668453888.0,-783976896.0
0.5525577068328857,0.8405566811561584,0.0600659251213073,69746944.0,413150752.0,-550889280.0,-820904576.0
0.5532901883125305,0.8390916585922241,0.057990476489067,372478368.0,589250880.0,-354408192.0,-735771392.0
0.5501160025596619,0.8329874277114868,0.0565254539251327,620751616.0,679289408.0,-105966064.0,-543070912.0
0.5541447997093201,0.8379929065704346,0.0627517998218536,778476352.0,669689408.0,157930864.0,-271053536.0
0.5569527745246887,0.8296911120414734,0.0577463060617446,822347904.0,562104832.0,398809408.0,40677424.0
0.5548772811889648,0.8271273374557495,0.0612867772579193,745931456.0,372176960.0,581381888.0,346391584.0
0.556708574295044,0.8338420391082764,0.059211328625679,560278272.0,127786664.0,678854016.0,601529344.0
0.5602490305900574,0.8343303799629211,0.0450494438409805,285502560.0,-141810928.0,675847232.0,771057664.0
0.5549994111061096,0.8256623148918152,0.0463923811912536,-25652796.0,-384214496.0,572859136.0,822481088.0
0.5536564588546753,0.8388475179672241,0.0553046017885208,-333044416.0,-570222080.0,385971392.0,753575360.0
0.5557318925857544,0.8293248414993286,0.0521303862333297,-591645824.0,-672821184.0,142562608.0,574338176.0
0.5528018474578857,0.8255402445793152,0.0544500052928924,-763549504.0,-677006400.0,-121698600.0,311071424.0
0.5541447997093201,0.8314003348350525,0.0581125617027282,-823803968.0,-582067456.0,-368050304.0,2247858.0
0.556708574295044,0.8299353122711182,0.06238554418087,-763581248.0,-401875872.0,-560495552.0,-306929536.0
0.5554877519607544,0.8381149768829346,0.0605542659759521,-586360384.0,-156387552.0,-672569600.0,-576451200.0
0.5545110702514648,0.8350628614425659,0.05420583486557,-325844288.0,106518432.0,-682435712.0,-754773056.0
0.552435576915741,0.8271273374557495,0.0573800504207611,-17726984.0,353981344.0,-592249664.0,-822523392.0
0.5510926842689514,0.8254181146621704,0.0575021356344223,292960704.0,549659008.0,-415343744.0,-769714304.0
0.5528018474578857,0.8290807008743286,0.0600659251213073,560646464.0,664772608.0,-177776768.0,-604210112.0
0.5519472360610962,0.8296911120414734,0.0672689527273178,746295296.0,682499264.0,85831904.0,-350417568.0
0.5537785291671753,0.8274936079978943,0.0634843111038208,823014976.0,597176960.0,342789728.0,-37982560.0
0.5549994111061096,0.8274936079978943,0.0622634589672088,776100160.0,425446240.0,542922752.0,273533248.0
0.5580515265464783,0.8318886756896973,0.0611646920442581,615594240.0,191504464.0,663486464.0,545047680.0
0.5558539628982544,0.8249297738075256,0.0616530328989028,364940608.0,-70691952.0,686984640.0,736745920.0
0.5502380728721619,0.8246856331825256,0.0615309476852417,60966896.0,-322561248.0,609975424.0,820419840.0
0.5532901883125305,0.832743227481842,0.0583567321300506,-252028112.0,-527124672.0,443800128.0,783954304.0
0.5554877519607544,0.8408008813858032,0.0653155893087387,-528178368.0,-654368512.0,212654448.0,632873600.0
0.5519472360610962,0.8345745205879211,0.0710535943508148,-730350528.0,-685381312.0,-56541452.0,382838272.0
0.5536564588546753,0.8318886756896973,0.0610426068305969,-819869632.0,-614395584.0,-310900384.0,81205000.0
0.5552435517311096,0.8373824954032898,0.0618972033262252,-789415424.0,-453584448.0,-519638016.0,-232340800.0
0.5552435517311096,0.8382371068000793,0.0655597597360611,-643501120.0,-226277536.0,-652312448.0,-511971360.0
0.5549994111061096,0.8332315683364868,0.0637284815311431,-403416224.0,34211720.0,-689519936.0,-716637056.0
0.5545110702514648,0.8307898640632629,0.0601880103349685,-104241536.0,289761760.0,-625839872.0,-816344192.0
0.5556098222732544,0.8349407911300659,0.0604321807622909,210173504.0,502798048.0,-470621632.0,-796528704.0
0.5560981631278992,0.837138295173645,0.0632401406764984,499620224.0,644685184.0,-240233360.0,-655721024.0
0.5548772811889648,0.8271273374557495,0.0626297146081924,708803840.0,687803584.0,20343336.0,-420750496.0
0.5519472360610962,0.8228543400764465,0.0616530328989028,814185280.0,630322240.0,277998240.0,-124236600.0
0.552313506603241,0.8244414329528809,0.0622634589672088,800417216.0,480618816.0,494953184.0,190474896.0
0.5519472360610962,0.8235868811607361,0.0659260153770446,669599040.0,260579104.0,639460736.0,477228608.0
0.5574411153793335,0.8394579291343689,0.0609205216169357,440611584.0,2570415.0,690372032.0,694379456.0
0.5578073263168335,0.8393358588218689,0.0627517998218536,139959072.0,-262172288.0,637637120.0,811182784.0
0.5498718023300171,0.821999728679657,0.0575021356344223,-174832352.0,-482078368.0,491809536.0,805033536.0
0.5519472360610962,0.8309119939804077,0.0561591982841491,-464138048.0,-631371136.0,274132064.0,680969536.0
0.5554877519607544,0.8274936079978943,0.0627517998218536,-685477504.0,-688166848.0,16392915.0,457383616.0
0.5530460476875305,0.8335978388786316,0.066780611872673,-806577984.0,-644273856.0,-243739840.0,166899616.0
0.5530460476875305,0.8351849317550659,0.0559150278568267,-809611072.0,-506233984.0,-468224768.0,-148135424.0
0.5573189854621887,0.8361616134643555,0.0505432784557342,-694124032.0,-294216224.0,-624157440.0,-441562720.0
0.5551214814186096,0.8301794528961182,0.0588450729846954,-471110464.0,-32201562.0,-689186304.0,-674508480.0
0.5530460476875305,0.8340861797332764,0.0611646920442581,-183016736.0,228357632.0,-650584384.0,-802508032.0
0.5558539628982544,0.8289586305618286,0.0531070679426193,131957152.0,455541856.0,-516872256.0,-812916672.0
0.556708574295044,0.8309119939804077,0.0454156994819641,427608320.0,616060672.0,-307694144.0,-704177664.0
0.5545110702514648,0.8317665457725525,0.0487120002508163,660611456.0,686400064.0,-53479904.0,-492451872.0
0.5510926842689514,0.8278598189353943,0.059211328625679,796984640.0,656173824.0,208751696.0,-208795536.0
0.5554877519607544,0.8309119939804077,0.0535954087972641,816695488.0,529979264.0,440348032.0,105572504.0
0.5562202334403992,0.8312782049179077,0.0583567321300506,713212480.0,320250208.0,610694208.0,410782016.0
0.5545110702514648,0.8276156783103943,0.0640947371721267,506230816.0,67927984.0,686568192.0,648584448.0
0.5549994111061096,0.8315224051475525,0.0672689527273178,225241360.0,-194257264.0,661878144.0,791434944.0
0.5537785291671753,0.8295690417289734,0.0697106570005416,-88712400.0,-428122112.0,540216960.0,818491712.0
0.5535343885421753,0.8344524502754211,0.0637284815311431,-389752864.0,-599310976.0,339580480.0,725620864.0
0.5569527745246887,0.8366499543190002,0.0543279200792312,-633718720.0,-682800384.0,89458000.0,526405760.0
0.5537785291671753,0.832621157169342,0.0557929426431655,-784888064.0,-666373632.0,-173865280.0,250178528.0
0.5514588952064514,0.8314003348350525,0.0607984364032745,-820497280.0,-548410304.0,-417220416.0,-69849496.0
0.552313506603241,0.832621157169342,0.0618972033262252,-733766208.0,-352062016.0,-592981504.0,-372738368.0
0.5549994111061096,0.8340861797332764,0.0621413737535476,-539637824.0,-104172528.0,-681928064.0,-621155968.0
0.556708574295044,0.8383591771125793,0.0600659251213073,-266498496.0,158853200.0,-671083136.0,-778661120.0
0.5545110702514648,0.8278598189353943,0.0637284815311431,45564904.0,398836160.0,-561890048.0,-822225408.0
0.5519472360610962,0.8272494077682495,0.0599438399076461,350937152.0,580499904.0,-370494496.0,-745330944.0
0.5525577068328857,0.8306677937507629,0.0640947371721267,609772864.0,678417600.0,-118318400.0,-553939392.0
0.552435576915741,0.8332315683364868,0.0634843111038208,772742208.0,673594752.0,145318304.0,-284506048.0
0.5525577068328857,0.8332315683364868,0.0612867772579193,822654272.0,570176576.0,387750272.0,26643816.0
0.5537785291671753,0.8300573825836182,0.0553046017885208,752077120.0,383465056.0,573425152.0,333825792.0
0.5549994111061096,0.8337199091911316,0.0528628975152969,571340160.0,140630304.0,675234112.0,592261760.0
0.556708574295044,0.836894154548645,0.0561591982841491,307061600.0,-122704200.0,678137856.0,764007488.0
0.556708574295044,0.8359174728393555,0.061775118112564,-2121078.0,-368162112.0,581691648.0,824019712.0
0.5545110702514648,0.8298131823539734,0.0537174940109252,-317656832.0,-563824128.0,394825088.0,760415104.0
0.556830644607544,0.8345745205879211,0.0539616644382476,-579456384.0,-671308992.0,154077520.0,585453824.0
0.5552435517311096,0.837016224861145,0.0615309476852417,-756576192.0,-680460608.0,-109384056.0,324842208.0
0.5540227293968201,0.832743227481842,0.0603100955486297,-822926464.0,-589961088.0,-356903008.0,16724728.0
0.5529239177703857,0.8252960443496704,0.0551825165748596,-768690752.0,-413200992.0,-552274624.0,-293757984.0
0.5534122586250305,0.8314003348350525,0.0553046017885208,-601898176.0,-176024240.0,-666793664.0,-561285824.0
0.5532901883125305,0.8251739740371704,0.0614088624715805,-347113376.0,87102672.0,-683633216.0,-746654272.0
0.5557318925857544,0.8316444754600525,0.0577463060617446,-34108648.0,343230976.0,-597253888.0,-822944960.0
0.552435576915741,0.8248077034950256,0.0589671581983566,277213088.0,542569152.0,-424402240.0,-775613184.0
0.5503601431846619,0.8213893175125122,0.0622634589672088,547863552.0,662507136.0,-189382400.0,-614805376.0
0.5495055317878723,0.8270052671432495,0.0666585266590118,738380544.0,685412416.0,73347064.0,-364068224.0
0.5541447997093201,0.8257843852043152,0.0572579652070999,820803520.0,608097664.0,325325248.0,-59865024.0
0.556586503982544,0.8307898640632629,0.0571358799934387,783100992.0,441810912.0,529560384.0,253067792.0
0.5575631856918335,0.836894154548645,0.0561591982841491,625968192.0,204454816.0,658410944.0,534582624.0
0.5574411153793335,0.8212672472000122,0.0559150278568267,379413248.0,-57654200.0,686816832.0,730702208.0
0.5536564588546753,0.8348187208175659,0.0561591982841491,77259544.0,-311208832.0,614765952.0,819856256.0
0.5559760928153992,0.8425100445747375,0.0570137947797775,-236288320.0,-519118656.0,452703456.0,789091072.0
0.5563423037528992,0.8382371068000793,0.057990476489067,-515176384.0,-651054400.0,224428848.0,642864384.0
0.5541447997093201,0.8427542448043823,0.0577463060617446,-718736576.0,-687755392.0,-36726248.0,402471104.0
0.5558539628982544,0.8422659039497375,0.0575021356344223,-817097536.0,-623771456.0,-292474432.0,103155384.0
0.5552435517311096,0.8405566811561584,0.0539616644382476,-793808896.0,-463620928.0,-510075936.0,-218328032.0
0.5549994111061096,0.8342082500457764,0.0544500052928924,-653275328.0,-238556512.0,-647036096.0,-500587552.0
0.5530460476875305,0.8372604250907898,0.0584788173437118,-417107264.0,21450064.0,-689247232.0,-709521792.0
0.5528018474578857,0.8357954025268555,0.057990476489067,-119913000.0,278309760.0,-630555200.0,-814546624.0
0.5531681180000305,0.8310340642929077,0.0538395792245864,194885552.0,494517184.0,-479576608.0,-800250048.0
0.5514588952064514,0.8271273374557495,0.057990476489067,480991776.0,638294912.0,-258353824.0,-668880640.0
0.5517030954360962,0.8289586305618286,0.0626297146081924,696757632.0,688594496.0,746979.0,-439644544.0
0.5475521683692932,0.8213893175125122,0.0753265768289566,811707840.0,635472192.0,266223712.0,-139111040.0
0.5526797771453857,0.8306677937507629,0.063606396317482,803775680.0,489837504.0,485795808.0,175863200.0
0.552435576915741,0.8361616134643555,0.0642168223857879,678263680.0,272447232.0,634256000.0,465157760.0
0.5498718023300171,0.821633517742157,0.0610426068305969,453497152.0,14963762.0,690015680.0,686233408.0
0.5549994111061096,0.8509339690208435,0.0555487722158432,162053568.0,-244306624.0,644839616.0,806942528.0
0.5545110702514648,0.8162617683410645,0.0659260153770446,-152681088.0,-468176160.0,504950560.0,809596160.0
0.5556098222732544,0.8204126358032227,0.0655597597360611,-444944288.0,-623492416.0,291605376.0,693663872.0
0.5549994111061096,0.8408008813858032,0.0584788173437118,-676349824.0,-688209344.0,29218448.0,470092128.0
0.556464433670044,0.8069832921028137,0.0593334138393402,-802434944.0,-649923328.0,-231398496.0,181862672.0
0.5487730503082275,0.8224880695343018,0.061775118112564,-811168576.0,-517048352.0,-458171488.0,-132917232.0
0.5517030954360962,0.8344524502754211,0.0605542659759521,-701564992.0,-308750496.0,-617948096.0,-428417280.0
0.552435576915741,0.8537418842315674,0.0549383461475372,-489473888.0,-55388856.0,-687391168.0,-661636032.0
0.5531681180000305,0.8432425856590271,0.0404102057218551,-205760800.0,206267616.0,-656432192.0,-798207040.0
0.5508484840393066,0.8548406958580017,0.0411427170038223,115268640.0,442984864.0,-524993824.0,-817178432.0
0.5559760928153992,0.8345745205879211,0.0427298247814178,412354048.0,608533568.0,-318740736.0,-714826432.0
0.5559760928153992,0.8351849317550659,0.0483457446098327,649184832.0,684956928.0,-65820184.0,-507919552.0
0.5539005994796753,0.8246856331825256,0.0509095340967178,790918720.0,661219776.0,196822064.0,-226756752.0
0.5539005994796753,0.8362837433815002,0.0512757897377014,816936448.0,540791616.0,430565120.0,87717928.0
0.5563423037528992,0.8417775630950928,0.0393114387989044,723278144.0,341339776.0,601299136.0,389508288.0
0.558539867401123,0.8383591771125793,0.0374801605939865,523686080.0,91820464.0,684027776.0,634310144.0
0.5557318925857544,0.8350628614425659,0.0452936142683029,240566512.0,-177796000.0,664867456.0,788282368.0
0.5543889403343201,0.8366499543190002,0.0496886819601058,-72183992.0,-414656896.0,547658880.0,822095104.0
0.5514588952064514,0.8300573825836182,0.0482236593961715,-374181600.0,-590857856.0,350421408.0,735528000.0
0.5507264137268066,0.8317665457725525,0.0432181656360626,-621429696.0,-680705984.0,102085776.0,541262016.0
0.5497497320175171,0.8345745205879211,0.0457819551229476,-777864320.0,-670920704.0,-161257264.0,267787408.0
0.5514588952064514,0.8294469714164734,0.0489561706781387,-820543744.0,-562803456.0,-401084288.0,-44868540.0
0.5504822134971619,0.8303015232086182,0.0465144664049148,-743072960.0,-372300928.0,-582230976.0,-350946176.0
0.5512147545814514,0.8265169262886047,0.0444390177726745,-551308096.0,-120733744.0,-679524032.0,-610451712.0
0.5510926842689514,0.832499086856842,0.0454156994819641,-281821568.0,142657584.0,-673943232.0,-773916928.0
0.5482847094535828,0.821999728679657,0.0566475391387939,28555784.0,385251328.0,-569614528.0,-824152128.0
0.556708574295044,0.8344524502754211,0.0325967520475387,335041632.0,571378560.0,-382589568.0,-753538560.0
0.5581735968589783,0.8299353122711182,0.0488340854644775,592541440.0,673888704.0,-139489616.0,-572916032.0
0.5532901883125305,0.8545964956283569,0.0492003411054611,763381568.0,678052672.0,123635584.0,-308429696.0
0.5528018474578857,0.7947747707366943,0.0647051632404327,822190784.0,579911488.0,374921792.0,7757192.0
0.5427908897399902,0.8390916585922241,0.0680014640092849,758309632.0,398656960.0,564757504.0,316242944.0
0.5540227293968201,0.8322548866271973,0.0483457446098327,583580416.0,159618016.0,672351680.0,578636992.0
0.5506043434143066,0.8523989915847778,0.0405322909355163,323519872.0,-102625712.0,681922304.0,756773632.0
0.5496276617050171,0.8532535433769226,0.0357709676027298,16260040.0,-350053344.0,591626944.0,824680128.0
0.5532901883125305,0.8624099493026733,0.0278354287147521,-293638944.0,-546198272.0,414393120.0,772427008.0
0.5569527745246887,0.8383591771125793,0.0279575139284133,-560622976.0,-662351104.0,176086576.0,607377920.0
0.5519472360610962,0.8315224051475525,0.0410206317901611,-748529536.0,-680645568.0,-94878776.0,346907264.0
0.5514588952064514,0.8163838386535645,0.0478574037551879,-821363456.0,-597741952.0,-345450336.0,40647376.0
0.5541447997093201,0.8274936079978943,0.0389451831579208,-773744192.0,-427747360.0,-545367424.0,-271749888.0
0.5562202334403992,0.8404346108436584,0.0244170427322387,-612625472.0,-195494384.0,-665552576.0,-544456832.0
0.5563423037528992,0.8420217037200928,0.0206324011087417,-361733216.0,65578532.0,-688346816.0,-737528832.0
0.5560981631278992,0.8418996334075928,0.0256378948688507,-58024764.0,317078400.0,-610150912.0,-822637120.0
0.5571969151496887,0.832743227481842,0.0299108773469924,254048384.0,522147328.0,-442599808.0,-787304576.0
0.5547552108764648,0.8241972923278809,0.0317421555519104,534251392.0,653032704.0,-203998336.0,-632004672.0
0.5542668700218201,0.8281040191650391,0.0283237695693969,729347968.0,684334848.0,58870760.0,-386255200.0
0.5545110702514648,0.8312782049179077,0.0285679399967193,817872064.0,615586560.0,313070368.0,-83946040.0
0.5529239177703857,0.8350628614425659,0.0289341956377029,786812864.0,456674656.0,521561504.0,230800416.0
0.5557318925857544,0.8366499543190002,0.0256378948688507,640570496.0,230867808.0,653690752.0,511839168.0
0.5569527745246887,0.8311561346054077,0.0252716392278671,400496576.0,-28909208.0,690139072.0,717911104.0
0.5557318925857544,0.832377016544342,0.0272250026464462,101848704.0,-284420736.0,625561280.0,818734592.0
0.5536564588546753,0.8309119939804077,0.031497985124588,-218523184.0,-502921024.0,464624576.0,797723968.0
0.5528018474578857,0.8314003348350525,0.0383347570896148,-499654208.0,-641750976.0,238834576.0,659075776.0
0.5507264137268066,0.8289586305618286,0.0402881205081939,-707778368.0,-686719232.0,-21919340.0,424155040.0
0.5537785291671753,0.8372604250907898,0.0366255640983581,-812559360.0,-631277824.0,-279316480.0,127041016.0
0.5537785291671753,0.8311561346054077,0.043462336063385,-798634176.0,-483179488.0,-496027584.0,-188677536.0
0.5526797771453857,0.8282260894775391,0.0412648022174835,-667796480.0,-264208704.0,-640177408.0,-476797696.0
0.5501160025596619,0.8301794528961182,0.0362593084573745,-432835072.0,171280.0,-690761408.0,-698873344.0
0.5519472360610962,0.8310340642929077,0.0322304964065551,-138623440.0,258172208.0,-637918144.0,-812473088.0
0.5509705543518066,0.8298131823539734,0.0278354287147521,175789168.0,478334400.0,-491855392.0,-807027968.0
0.5531681180000305,0.8250519037246704,0.0343059450387954,464390272.0,628433088.0,-273794272.0,-683645952.0
0.556586503982544,0.82615065574646,0.0358930528163909,685188096.0,686503552.0,-15701062.0,-460331584.0
0.5618361830711365,0.8281040191650391,0.0310096442699432,805846336.0,644180416.0,244569696.0,-169559504.0
0.5624465942382812,0.8307898640632629,0.0344280302524566,808692928.0,507501440.0,469079328.0,146096384.0
0.5578073263168335,0.8299353122711182,0.0349163711071014,689133248.0,290393440.0,627979840.0,446463680.0
0.5601269602775574,0.8344524502754211,0.0280795991420745,469763776.0,35519256.0,690163520.0,674281920.0
0.5595165491104126,0.8344524502754211,0.0278354287147521,181640320.0,-224535680.0,651333376.0,803291264.0
0.5532901883125305,0.8351849317550659,0.0317421555519104,-132951824.0,-451792864.0,517194720.0,814639872.0
0.5536564588546753,0.8340861797332764,0.0322304964065551,-428001600.0,-612876608.0,307490688.0,706801152.0
0.5560981631278992,0.8378708362579346,0.0247832983732223,-660519360.0,-684372544.0,53038628.0,495436000.0
0.5545110702514648,0.8345745205879211,0.0280795991420745,-796494912.0,-655693952.0,-209265520.0,211638288.0
0.5534122586250305,0.8305457234382629,0.0293004512786865,-814917952.0,-526755584.0,-446288256.0,-110388408.0
0.5558539628982544,0.8277377486228943,0.0246612131595611,-712056576.0,-322913216.0,-611645184.0,-409284960.0
0.5549994111061096,0.8254181146621704,0.0274691730737686,-504951936.0,-71671168.0,-687481792.0,-648210688.0
0.552435576915741,0.8249297738075256,0.0307654738426208,-223979936.0,190227568.0,-662584128.0,-792180672.0
0.5549994111061096,0.8184592723846436,0.0278354287147521,89719976.0,424246112.0,-540769664.0,-820033664.0
0.5532901883125305,0.8230985403060913,0.0345501154661178,390178272.0,596105920.0,-339830240.0,-727911808.0
0.5536564588546753,0.8290807008743286,0.0325967520475387,638157440.0,681688768.0,-82615160.0,-523595008.0
0.5535343885421753,0.8277377486228943,0.0280795991420745,786335040.0,664419456.0,180703264.0,-245950880.0
0.552313506603241,0.8287144303321838,0.0236845314502716,819421760.0,549956800.0,417641184.0,67770880.0
0.5553656220436096,0.8304236531257629,0.0266145765781402,732628352.0,354940064.0,593394368.0,371588384.0
0.5549994111061096,0.8348187208175659,0.0328409224748611,538610176.0,107757088.0,682220736.0,621115072.0
0.5580515265464783,0.8321328163146973,0.0339396893978118,265809056.0,-155140688.0,671116352.0,779616128.0
0.5576852560043335,0.8334757685661316,0.0295446217060089,-45898748.0,-395266816.0,561959744.0,823881152.0
0.5582956671714783,0.8357954025268555,0.0299108773469924,-357448192.0,-581222720.0,365008352.0,744379840.0
0.5576852560043335,0.8398241996765137,0.035282626748085,-609490880.0,-676654656.0,118709696.0,556317248.0
0.5582956671714783,0.8354291319847107,0.0282016843557357,-772345920.0,-673164160.0,-144918768.0,286795840.0
0.5590282082557678,0.8322548866271973,0.0249053835868835,-822175936.0,-571171968.0,-387422528.0,-24791470.0
0.5600048899650574,0.8362837433815002,0.0297887921333313,-751709248.0,-385433440.0,-573174784.0,-332816032.0
0.556830644607544,0.8273714780807495,0.0402881205081939,-571365824.0,-142907776.0,-674974912.0,-591987200.0
0.5556098222732544,0.8272494077682495,0.0330850929021835,-307274016.0,120461552.0,-678075968.0,-764333824.0
0.556830644607544,0.8362837433815002,0.0313758999109268,9160325.0,371768800.0,-578455488.0,-824630080.0
0.552313506603241,0.8265169262886047,0.0387010127305984,317361632.0,562193024.0,-395397120.0,-761448064.0
0.5532901883125305,0.8307898640632629,0.0363813936710357,579134144.0,670286080.0,-154618576.0,-586800512.0
0.5569527745246887,0.8350628614425659,0.0300329625606536,756211328.0,680343360.0,108593920.0,-326199648.0
0.5541447997093201,0.8349407911300659,0.0335734337568283,822681920.0,590774016.0,356066304.0,-17854132.0
0.5532901883125305,0.8318886756896973,0.0350384563207626,768759616.0,414624960.0,551479424.0,293064512.0
0.5554877519607544,0.8343303799629211,0.030887559056282,602247360.0,177881872.0,666156544.0,561082112.0
0.5547552108764648,0.8362837433815002,0.0295446217060089,340878400.0,-91604160.0,682559936.0,749962688.0
0.5553656220436096,0.8310340642929077,0.0275912582874298,34567572.0,-341110368.0,597562752.0,823583040.0
0.552191436290741,0.8289586305618286,0.0305213034152984,-276772096.0,-540786880.0,425032736.0,776669440.0
0.552313506603241,0.8273714780807495,0.0307654738426208,-547539136.0,-661329152.0,190358000.0,616060032.0
0.5530460476875305,0.8357954025268555,0.0333292633295059,-738249472.0,-685036800.0,-72060376.0,365296000.0
0.5560981631278992,0.8335978388786316,0.030887559056282,-820981440.0,-608466688.0,-323972256.0,61002424.0
0.5560981631278992,0.8346965909004211,0.0222195088863372,-781044032.0,-437869728.0,-532876448.0,-259238336.0
0.556586503982544,0.8357954025268555,0.0250274688005447,-626137856.0,-206413056.0,-657889024.0,-534273856.0
0.5575631856918335,0.8317665457725525,0.0274691730737686,-379567776.0,55377904.0,-686525248.0,-731071936.0
0.5554877519607544,0.8274936079978943,0.031497985124588,-77615312.0,309038144.0,-614642304.0,-820736064.0
0.5554877519607544,0.8322548866271973,0.0312538146972656,235779200.0,517469344.0,-452837856.0,-790248704.0
0.5570748448371887,0.8364058136940002,0.0319863259792327,514661600.0,650071616.0,-224857456.0,-644120320.0
0.5556098222732544,0.8322548866271973,0.0303992182016372,718215488.0,687609024.0,36097856.0,-403706304.0
0.5551214814186096,0.8332315683364868,0.0334513485431671,817493056.0,621655360.0,297945344.0,-96952576.0
0.5549994111061096,0.8339641094207764,0.035282626748085,793470080.0,465194208.0,509450464.0,217672544.0
0.5541447997093201,0.8344524502754211,0.035282626748085,653233792.0,240557360.0,646427712.0,500470272.0
0.5543889403343201,0.8288365006446838,0.0322304964065551,417335808.0,-19297876.0,688803200.0,709880384.0
0.5554877519607544,0.8372604250907898,0.0329630076885223,120327056.0,-276190624.0,630323776.0,815385536.0
0.5558539628982544,0.8292027711868286,0.0372359901666641,-194146656.0,-492718944.0,479483296.0,801593664.0
0.5541447997093201,0.8322548866271973,0.03784641623497,-480200160.0,-637138048.0,258528016.0,670483136.0
0.5529239177703857,0.8332315683364868,0.034672200679779,-699763968.0,-688484544.0,-6919494.0,434963264.0
0.5529239177703857,0.8378708362579346,0.0356488823890686,-811000896.0,-636708352.0,-264988128.0,139938816.0
0.5547552108764648,0.8365278840065002,0.035282626748085,-803618880.0,-491632544.0,-484324736.0,-175628048.0
0.5519472360610962,0.8332315683364868,0.0324746668338775,-678523456.0,-274577536.0,-632864128.0,-465421952.0
0.552069365978241,0.8395799994468689,0.0391893535852432,-454190176.0,-17338242.0,-688657792.0,-687082688.0
0.5552435517311096,0.8365278840065002,0.0361372232437133,-163381312.0,242397072.0,-643674304.0,-808180096.0
0.5546331405639648,0.8335978388786316,0.0327188372611999,158470928.0,471675520.0,-500090304.0,-809469184.0
0.5576852560043335,0.8418996334075928,0.030277132987976,450145088.0,625599360.0,-286038336.0,-690723072.0
0.5590282082557678,0.8328653573989868,0.0280795991420745,675910720.0,688030656.0,-30103684.0,-470928704.0
0.5569527745246887,0.8445855379104614,0.0316200703382492,802866304.0,649727680.0,230215360.0,-182159264.0
0.5581735968589783,0.8383591771125793,0.0313758999109268,812329920.0,516315136.0,456858496.0,133193784.0
0.5556098222732544,0.8333536982536316,0.0322304964065551,702876032.0,307279488.0,616776000.0,429014560.0
0.5554877519607544,0.8356732726097107,0.0369918197393417,490576960.0,53178288.0,686360704.0,662070080.0
0.5558539628982544,0.8332315683364868,0.0338176041841506,199380464.0,-215065168.0,653576128.0,799846336.0
0.5549994111061096,0.8344524502754211,0.0310096442699432,-115227448.0,-445083680.0,524927552.0,816085632.0
0.5532901883125305,0.8294469714164734,0.0299108773469924,-412945728.0,-610046016.0,319404160.0,712897024.0
0.5510926842689514,0.8273714780807495,0.0335734337568283,-650199040.0,-685718336.0,67042704.0,505428800.0
0.552313506603241,0.8304236531257629,0.0330850929021835,-792301184.0,-661037056.0,-195071760.0,223958336.0
0.5542668700218201,0.8206568360328674,0.0305213034152984,-818408192.0,-539658304.0,-428682880.0,-90163256.0
0.5563423037528992,0.8230985403060913,0.0347942858934402,-724818240.0,-339272704.0,-599554816.0,-391136928.0
0.5602490305900574,0.8312782049179077,0.0322304964065551,-519449472.0,-82694952.0,-683566592.0,-639524800.0
0.5534122586250305,0.808448314666748,0.0515199601650238,-241950880.0,180508816.0,-664229056.0,-787780224.0
0.5541447997093201,0.8505676984786987,0.0280795991420745,71479064.0,416840416.0,-548321920.0,-820609152.0
0.5651324391365051,0.8556952476501465,0.0158710777759552,374786944.0,592132416.0,-352224896.0,-733330176.0
0.5574411153793335,0.8182151317596436,0.0169698446989059,622777728.0,681080704.0,-104300560.0,-538813440.0
0.5515810251235962,0.8379929065704346,0.0286900252103805,779729728.0,670251712.0,158894400.0,-265439840.0
0.5593944787979126,0.8305457234382629,0.0317421555519104,822651072.0,561218816.0,398765024.0,46760892.0
0.5562202334403992,0.8107678890228271,0.0301550477743148,741720192.0,364764928.0,584219584.0,358338848.0
0.556830644607544,0.8196801543235779,0.0234403610229492,552409664.0,119534560.0,679105472.0,610157632.0
0.5531681180000305,0.8483701348304749,0.0245391279458999,282353248.0,-143058480.0,674687488.0,773000128.0
0.5582956671714783,0.8290807008743286,0.0161152482032775,-28984804.0,-384828576.0,571814912.0,822809856.0
0.5552435517311096,0.8583811521530151,0.0191673785448074,-336437792.0,-570167872.0,384924672.0,752643840.0
0.5593944787979126,0.8295690417289734,0.0156269073486328,-594549248.0,-672069312.0,141307888.0,572527424.0
0.5589061379432678,0.8312782049179077,0.0295446217060089,-768376960.0,-674183616.0,-129734248.0,301933472.0
0.5570748448371887,0.8162617683410645,0.0362593084573745,-824519552.0,-576384896.0,-375251424.0,-7470216.0
0.5563423037528992,0.8191918134689331,0.0325967520475387,-759849216.0,-394405088.0,-565886656.0,-315860000.0
0.5554877519607544,0.8287144303321838,0.025882065296173,-583829632.0,-154853008.0,-673726720.0,-578080704.0
0.5563423037528992,0.8314003348350525,0.0274691730737686,-322411168.0,107417224.0,-682854720.0,-755740352.0
0.5536564588546753,0.8351849317550659,0.0285679399967193,-13759925.0,354093952.0,-591893056.0,-822807552.0
0.5549994111061096,0.8294469714164734,0.0310096442699432,296821728.0,548923904.0,-414177920.0,-769387776.0
0.5560981631278992,0.8305457234382629,0.0310096442699432,569090880.0,665138432.0,-169497856.0,-598262848.0
0.5563423037528992,0.8316444754600525,0.0260041505098342,751172416.0,680277376.0,94262784.0,-342050752.0
0.5554877519607544,0.8357954025268555,0.0247832983732223,823408512.0,595979904.0,344165792.0,-35747068.0
0.5580515265464783,0.8388475179672241,0.0208765715360641,775196352.0,424488704.0,543724992.0,275979296.0
0.5560981631278992,0.8394579291343689,0.0217311680316925,613475712.0,190768544.0,663751424.0,547366848.0
0.5574411153793335,0.8375045657157898,0.0231961905956268,362027040.0,-70880616.0,686526784.0,738589760.0
0.5575631856918335,0.8366499543190002,0.030887559056282,57611180.0,-322277408.0,608634752.0,821768512.0
0.556708574295044,0.836772084236145,0.0290562808513641,-262042608.0,-530805248.0,436607136.0,782224512.0
0.5578073263168335,0.8290807008743286,0.0207544863224029,-535991008.0,-655923264.0,204237504.0,627444736.0
0.5578073263168335,0.8355512022972107,0.0246612131595611,-731656896.0,-684965888.0,-58046744.0,380856896.0
0.5543889403343201,0.8343303799629211,0.0310096442699432,-820300416.0,-613642816.0,-311910240.0,78633248.0
0.5546331405639648,0.8283481597900391,0.0272250026464462,-788856064.0,-452452800.0,-520216416.0,-235136048.0
0.5540227293968201,0.8180930018424988,0.0286900252103805,-641936768.0,-224977664.0,-652436928.0,-514344064.0
0.5558539628982544,0.8362837433815002,0.0310096442699432,-394510464.0,42011948.0,-688769536.0,-721882624.0
0.556830644607544,0.8373824954032898,0.0288121104240417,-93767056.0,296522240.0,-622145088.0,-818009344.0
0.5525577068328857,0.8298131823539734,0.0343059450387954,220451824.0,507651840.0,-464362624.0,-794342144.0
0.552435576915741,0.8233426809310913,0.0283237695693969,502288896.0,644570624.0,-238761152.0,-654331072.0
0.5559760928153992,0.8306677937507629,0.0247832983732223,710707392.0,687203712.0,21596812.0,-418450912.0
0.5562202334403992,0.8311561346054077,0.0228299349546432,815146496.0,629296064.0,278803520.0,-121296336.0
0.5552435517311096,0.8289586305618286,0.0234403610229492,800314880.0,479249088.0,495237216.0,193592240.0
0.5549994111061096,0.8335978388786316,0.0257599800825119,663978560.0,252813728.0,641775552.0,486069344.0
0.5597606897354126,0.8317665457725525,0.019533634185791,432012224.0,-5565625.0,689845760.0,700263360.0
0.558784008026123,0.8305457234382629,0.0203882306814193,136756464.0,-263227712.0,636941952.0,811933056.0
0.5554877519607544,0.8301794528961182,0.0202661454677581,-178481616.0,-482436032.0,490767168.0,804654464.0
0.5547552108764648,0.8329874277114868,0.0225857645273208,-467493952.0,-630917056.0,272788448.0,679633024.0
0.5536564588546753,0.8251739740371704,0.0294225364923477,-688042944.0,-687062144.0,14714481.0,455244480.0
0.552435576915741,0.8318886756896973,0.0299108773469924,-807898496.0,-642677056.0,-245411168.0,164198560.0
0.556708574295044,0.8340861797332764,0.0269808322191238,-808059904.0,-499783168.0,-474519520.0,-158141552.0
0.5541447997093201,0.8338420391082764,0.027713343501091,-688379392.0,-286222848.0,-628027392.0,-450236992.0
0.5557318925857544,0.8353070616722107,0.0278354287147521,-467939040.0,-30756712.0,-689532992.0,-676426560.0
0.5581735968589783,0.8378708362579346,0.0247832983732223,-178919088.0,229180560.0,-650094400.0,-803593856.0
0.5563423037528992,0.8357954025268555,0.027102917432785,136265888.0,455656736.0,-515427424.0,-813058816.0
0.5540227293968201,0.8344524502754211,0.0330850929021835,431316672.0,615379264.0,-305297056.0,-703554880.0
0.5536564588546753,0.8338420391082764,0.0335734337568283,667468352.0,685639040.0,-43817972.0,-485166528.0
0.5558539628982544,0.8351849317550659,0.0295446217060089,799717248.0,652808960.0,217830304.0,-199409808.0
0.5593944787979126,0.8383591771125793,0.0261262357234954,814955520.0,524481664.0,447556416.0,115677368.0
0.5549994111061096,0.8342082500457764,0.0305213034152984,710976000.0,319202496.0,611843584.0,413753344.0
0.5528018474578857,0.8300573825836182,0.0355267971754074,503006464.0,67041224.0,686564160.0,651184384.0
0.5542668700218201,0.8375045657157898,0.0313758999109268,221257072.0,-194846560.0,660824384.0,793292352.0
0.5546331405639648,0.8334757685661316,0.031497985124588,-92777088.0,-428205088.0,538374912.0,819211072.0
0.5519472360610962,0.8357954025268555,0.0329630076885223,-399536000.0,-602239360.0,331322848.0,721682368.0
0.5558539628982544,0.8315224051475525,0.0351605415344238,-640645120.0,-682941184.0,80071008.0,519302656.0
0.5553656220436096,0.8321328163146973,0.0291783660650253,-787920448.0,-663827264.0,-182745808.0,240915184.0
0.5536564588546753,0.8316444754600525,0.0285679399967193,-819910592.0,-547595200.0,-418934656.0,-72810536.0
0.556586503982544,0.8349407911300659,0.0296667069196701,-731927232.0,-351234912.0,-593735168.0,-375920960.0
0.5554877519607544,0.8362837433815002,0.0307654738426208,-536904064.0,-103457456.0,-681615680.0,-623980864.0
0.5562202334403992,0.8357954025268555,0.0274691730737686,-263206464.0,159511536.0,-669807808.0,-780741568.0
0.5553656220436096,0.837016224861145,0.0286900252103805,56228856.0,404614944.0,-556104960.0,-822674816.0
0.5548772811889648,0.8361616134643555,0.0268587470054626,360522912.0,584007232.0,-362897280.0,-741745152.0
0.5576852560043335,0.8405566811561584,0.0225857645273208,612141248.0,677959680.0,-116730128.0,-552222144.0
0.5576852560043335,0.8335978388786316,0.026492491364479,774239744.0,672656640.0,146671584.0,-281948320.0
0.5539005994796753,0.8271273374557495,0.0305213034152984,822997184.0,568846272.0,388769568.0,29484582.0
0.5551214814186096,0.8273714780807495,0.0268587470054626,751260672.0,381831776.0,573959680.0,336606048.0
0.5575631856918335,0.8287144303321838,0.026492491364479,569541120.0,139000416.0,675139968.0,594482432.0
0.556708574295044,0.8314003348350525,0.0312538146972656,297653856.0,-130888864.0,676262144.0,768024320.0
0.5528018474578857,0.8211451768875122,0.0242949575185775,-12557749.0,-375150688.0,577292480.0,823868416.0
0.5517030954360962,0.8228543400764465,0.0190452933311462,-320919904.0,-564515392.0,393957280.0,758980864.0
0.5531681180000305,0.82615065574646,0.0247832983732223,-582307648.0,-671150336.0,152937824.0,583100864.0
0.558539867401123,0.8256623148918152,0.0286900252103805,-758555328.0,-679462080.0,-110468760.0,321936736.0
0.5582956671714783,0.8257843852043152,0.0275912582874298,-823742144.0,-588380608.0,-357762176.0,13597734.0
0.5582956671714783,0.8314003348350525,0.0239287018775939,-765540288.0,-405963552.0,-556721664.0,-303519648.0
0.5596386194229126,0.8339641094207764,0.0262483209371566,-595094656.0,-167780656.0,-668511616.0,-568968960.0
0.5580515265464783,0.8429983854293823,0.0282016843557357,-337516416.0,94916664.0,-682419072.0,-751198528.0
0.556830644607544,0.8422659039497375,0.0234403610229492,-30531496.0,343752448.0,-596439744.0,-823458112.0
0.5541447997093201,0.8311561346054077,0.0219753384590148,280832256.0,542420864.0,-423151616.0,-775098112.0
0.5552435517311096,0.837138295173645,0.0283237695693969,551097920.0,661568640.0,-187978448.0,-613354432.0
0.5563423037528992,0.8375045657157898,0.0307654738426208,740757120.0,683868480.0,74693600.0,-361863360.0
0.5576852560043335,0.8410450220108032,0.0317421555519104,822440832.0,602945088.0,332358560.0,-50075496.0
0.5560981631278992,0.8335978388786316,0.030887559056282,780452352.0,434605952.0,534818432.0,262492944.0
0.5530460476875305,0.8310340642929077,0.0307654738426208,624195584.0,202632736.0,659052544.0,536554816.0
0.5549994111061096,0.8338420391082764,0.0349163711071014,376579552.0,-59050864.0,686712320.0,732153344.0
0.5563423037528992,0.8274936079978943,0.0330850929021835,73859048.0,-312122272.0,613859776.0,820501184.0
0.5549994111061096,0.8277377486228943,0.030887559056282,-239606544.0,-519501632.0,451254496.0,788668288.0
0.5548772811889648,0.8295690417289734,0.0296667069196701,-518017568.0,-650858112.0,222630512.0,641403712.0
0.5542668700218201,0.8288365006446838,0.0318642407655715,-724068224.0,-686608320.0,-45363776.0,393900864.0
0.5551214814186096,0.8240752220153809,0.0351605415344238,-818476224.0,-619760896.0,-300347392.0,93306640.0
0.5546331405639648,0.8245635628700256,0.0334513485431671,-793070784.0,-462236000.0,-511355520.0,-220938176.0
0.5578073263168335,0.8268831372261047,0.0323525816202163,-651555840.0,-237087520.0,-647510528.0,-502907712.0
0.556586503982544,0.8268831372261047,0.0322304964065551,-414680544.0,22813204.0,-688903104.0,-711233856.0
0.5562202334403992,0.8309119939804077,0.0306433886289596,-117077768.0,279323200.0,-629513792.0,-815417216.0
0.5558539628982544,0.8318886756896973,0.0206324011087417,204765008.0,499690912.0,-473392416.0,-798248960.0
0.5556098222732544,0.8338420391082764,0.0188011229038238,489453088.0,640885184.0,-250983776.0,-663046336.0
0.5571969151496887,0.8353070616722107,0.0251495540142059,702576192.0,688173184.0,8200581.0,-430881152.0
0.558661937713623,0.8342082500457764,0.0207544863224029,812850624.0,634804544.0,266150384.0,-135582528.0
0.5602490305900574,0.8340861797332764,0.0207544863224029,804147648.0,488535200.0,485126496.0,179593184.0
0.5603711605072021,0.8335978388786316,0.0251495540142059,677833984.0,270664032.0,633050112.0,468456096.0
0.5617140531539917,0.8268831372261047,0.0238066166639328,452267648.0,13110912.0,688363904.0,688737088.0
0.5554877519607544,0.82602858543396,0.027102917432785,153383456.0,-252759024.0,640621952.0,809389568.0
0.5569527745246887,0.8298131823539734,0.0239287018775939,-161941792.0,-474820576.0,499278944.0,807441856.0
0.5549994111061096,0.8287144303321838,0.0267366617918014,-453599872.0,-627427136.0,284661696.0,687365696.0
0.5537785291671753,0.8230985403060913,0.0312538146972656,-678748288.0,-688182848.0,28289144.0,466718656.0
0.5537785291671753,0.8334757685661316,0.0338176041841506,-804581888.0,-648138688.0,-232133328.0,177763360.0
0.5580515265464783,0.8279819488525391,0.0305213034152984,-812646784.0,-513217504.0,-458579232.0,-137257440.0
0.5553656220436096,0.82627272605896,0.0366255640983581,-701797632.0,-303135648.0,-617919680.0,-432071296.0
0.5548772811889648,0.8318886756896973,0.0349163711071014,-482273088.0,-42019216.0,-687361664.0,-667909056.0
0.5575631856918335,0.8310340642929077,0.0296667069196701,-195806832.0,219092352.0,-653441088.0,-799746496.0
0.556464433670044,0.8345745205879211,0.0269808322191238,119378616.0,448121696.0,-523918336.0,-814473280.0
0.5535343885421753,0.8348187208175659,0.0286900252103805,417005632.0,611590848.0,-317680064.0,-709974528.0
0.5528018474578857,0.8395799994468689,0.0369918197393417,653628480.0,685435392.0,-64846492.0,-501661824.0
0.5558539628982544,0.8389695882797241,0.0286900252103805,794539264.0,659050688.0,197345248.0,-219854224.0
0.556708574295044,0.8400683403015137,0.0247832983732223,819124480.0,536296352.0,430654208.0,94232488.0
0.5571969151496887,0.8365278840065002,0.0286900252103805,720277120.0,329141760.0,604258752.0,400823520.0
0.558661937713623,0.8349407911300659,0.0284458547830581,516684064.0,78159672.0,684292288.0,641556096.0
0.556586503982544,0.8332315683364868,0.0293004512786865,237478144.0,-184292832.0,664163328.0,788320256.0
0.558539867401123,0.8332315683364868,0.0269808322191238,-76530872.0,-419743168.0,546828800.0,819669696.0
0.5556098222732544,0.8298131823539734,0.0249053835868835,-379242816.0,-593865344.0,349499904.0,730937856.0
0.5575631856918335,0.8373824954032898,0.0206324011087417,-626516224.0,-681060864.0,101139232.0,535094304.0
0.556830644607544,0.8296911120414734,0.0234403610229492,-784227776.0,-667008576.0,-168700384.0,254063040.0
0.556586503982544,0.8292027711868286,0.0283237695693969,-822363904.0,-554478016.0,-407137344.0,-58586732.0
0.5576852560043335,0.82615065574646,0.0286900252103805,-740147776.0,-360764416.0,-586020992.0,-362672320.0
0.556708574295044,0.8281040191650391,0.030887559056282,-549604928.0,-114234632.0,-679125120.0,-613673728.0
0.5534122586250305,0.8292027711868286,0.035282626748085,-278694272.0,149113936.0,-672767168.0,-774855040.0
0.5545110702514648,0.8307898640632629,0.0299108773469924,33069306.0,390574912.0,-568014016.0,-822580864.0
0.5595165491104126,0.8331094980239868,0.0274691730737686,340104320.0,574811968.0,-380129536.0,-749895488.0
0.5549994111061096,0.8348187208175659,0.0252716392278671,602250496.0,676380096.0,-129980232.0,-561988416.0
0.5532901883125305,0.8349407911300659,0.0322304964065551,769516992.0,675293696.0,133552568.0,-294800352.0
0.5531681180000305,0.8310340642929077,0.0325967520475387,824058624.0,575387328.0,377542656.0,15486540.0
0.5519472360610962,0.8375045657157898,0.0325967520475387,757979136.0,391393184.0,566195584.0,323454880.0
0.5560981631278992,0.8403125405311584,0.0274691730737686,580888064.0,150130896.0,671992448.0,584275136.0
0.5593944787979126,0.837016224861145,0.0286900252103805,318800704.0,-113130208.0,679339520.0,759596608.0
0.5559760928153992,0.8335978388786316,0.034672200679779,10219755.0,-359897408.0,587158208.0,823733056.0
0.5549994111061096,0.8379929065704346,0.0369918197393417,-306666944.0,-558057280.0,403655264.0,764533440.0
0.5575631856918335,0.8383591771125793,0.0335734337568283,-571400000.0,-668893760.0,164836208.0,593155712.0
0.5557318925857544,0.8393358588218689,0.0262483209371566,-752408192.0,-681957888.0,-98025456.0,334854944.0
0.5528018474578857,0.8440971970558167,0.027102917432785,-823319040.0,-595128960.0,-346600704.0,27507556.0
0.5530460476875305,0.837138295173645,0.0286900252103805,-773717888.0,-421099040.0,-544450752.0,-283780032.0
0.5536564588546753,0.8362837433815002,0.0274691730737686,-610800128.0,-185470352.0,-662618112.0,-553518400.0
0.5553656220436096,0.8383591771125793,0.0297887921333313,-351857280.0,83952784.0,-683054528.0,-745323008.0
0.5558539628982544,0.8362837433815002,0.0324746668338775,-46300208.0,334536704.0,-601859712.0,-822573952.0
0.556586503982544,0.8382371068000793,0.0299108773469924,266097584.0,536129408.0,-432585088.0,-779454272.0
0.5589061379432678,0.832743227481842,0.0252716392278671,539585856.0,659325312.0,-199960752.0,-622153088.0
0.5545110702514648,0.8309119939804077,0.0316200703382492,733970752.0,685980736.0,62039092.0,-373885056.0
