0.22451470792293549,0.9365156888961792,-0.3474545180797577,-752130944.0,-687658688.0,-109511456.0,319927136.0
0.2256134748458862,0.9214991927146912,-0.3265779614448547,-812644096.0,-600399232.0,-363162432.0,12841606.0
0.2240263670682907,0.9052618741989136,-0.2925161719322204,-753864576.0,-423846656.0,-563220032.0,-296221056.0
0.225491389632225,0.9119765758514404,-0.2843364775180816,-584071232.0,-184262640.0,-679795328.0,-561878912.0
0.2282993495464325,0.9318764209747314,-0.2950799763202667,-327943456.0,82713200.0,-695399872.0,-744951104.0
0.2390428483486175,0.9468929171562196,-0.3082651793956756,-15599438.0,343335648.0,-603906560.0,-818593728.0
0.2367232292890548,0.9561713933944702,-0.317421555519104,292727328.0,546318272.0,-423027200.0,-767995136.0
0.2331827580928802,0.917592465877533,-0.3036259412765503,557823936.0,667660608.0,-178121184.0,-603536320.0
0.2353802919387817,0.9229642152786256,-0.2995971143245697,740251776.0,688701376.0,93876792.0,-349036352.0
0.2243926227092743,0.9365156888961792,-0.3074105679988861,812114560.0,606489152.0,351848096.0,-42015976.0
0.2083994597196579,0.8908557891845703,-0.2850689888000488,762180096.0,433519840.0,557494336.0,270672480.0
0.1947259157896042,0.8388475179672241,-0.2508851289749145,593285568.0,189975840.0,682325696.0,547059968.0
0.185203269124031,0.8592357635498047,-0.2438041716814041,338764832.0,-75213328.0,703020352.0,733665600.0
0.1869124621152877,0.9222317337989808,-0.2612623572349548,34153584.0,-328147872.0,621672512.0,810923712.0
0.1911854445934295,0.958735167980194,-0.2629715502262115,-275144768.0,-532594112.0,450347616.0,768600896.0
0.189598336815834,0.960932731628418,-0.2599194347858429,-543924288.0,-659428160.0,213804160.0,613604288.0
0.1854474395513534,0.960810661315918,-0.2634598910808563,-733162496.0,-690252416.0,-53698320.0,368866240.0
0.1837382465600967,0.9643511176109314,-0.2689537405967712,-815523264.0,-620261056.0,-313388448.0,70051312.0
0.1787327527999878,0.965571939945221,-0.2707850039005279,-776553856.0,-454390496.0,-531750976.0,-246284016.0
0.1815407127141952,0.9693565964698792,-0.2765230238437652,-623235264.0,-224710496.0,-666373056.0,-519568544.0
0.1734830886125564,0.9405444860458374,-0.2717616856098175,-378624192.0,38536488.0,-703173504.0,-716677888.0
0.1737272590398788,0.9254059195518494,-0.2655353546142578,-78472936.0,296370464.0,-636662272.0,-808448640.0
0.1787327527999878,0.9426199197769164,-0.2773776054382324,233341296.0,510618240.0,-476821920.0,-781270272.0
0.1830057352781295,0.9399340748786926,-0.2832376956939697,510834880.0,649911168.0,-247107712.0,-639157632.0
0.1894762516021728,0.924062967300415,-0.2712733447551727,713207168.0,693825408.0,18847548.0,-403122944.0
0.1838603317737579,0.9340739846229552,-0.2521059811115265,811797248.0,633053376.0,288127264.0,-100662112.0
0.182639479637146,0.9387131929397584,-0.2585764825344085,787394560.0,479731712.0,508466272.0,210358736.0
0.1926504671573639,0.943352460861206,-0.2621169686317444,647234816.0,256003808.0,654021696.0,490638560.0
0.1954584270715713,0.9537296891212464,-0.2654132544994354,411855680.0,-5264077.0,703528192.0,698796672.0
0.2048589885234832,0.9748504161834716,-0.2711512744426727,115789568.0,-265646176.0,649711424.0,804252096.0
0.2083994597196579,0.9780246615409852,-0.2877548635005951,-197387264.0,-487036160.0,500539680.0,791337856.0
0.2114515900611877,0.9667928218841552,-0.2779880464076996,-481622784.0,-636843328.0,277646304.0,662045376.0
0.2075448632240295,0.9352948069572448,-0.2353802919387817,-698835008.0,-692804736.0,6753855.0,429566144.0
0.1981443017721176,0.9095348715782166,-0.2068123519420623,-807168768.0,-644203840.0,-259278624.0,138477488.0
0.2013185173273086,0.923696756362915,-0.2027835398912429,-796786944.0,-500880960.0,-487035552.0,-173108816.0
0.205347329378128,0.9877914786338806,-0.2110853344202041,-669106880.0,-284130336.0,-642845824.0,-459604960.0
0.2070565223693847,1.001587152481079,-0.2132828682661056,-442947104.0,-25326268.0,-703938880.0,-678636928.0
0.2064460963010788,0.9901111125946044,-0.2099865674972534,-151644544.0,237494256.0,-661226304.0,-797685184.0
0.1992430686950683,0.9902331829071044,-0.2212184071540832,169318528.0,470289600.0,-516659360.0,-797586112.0
0.1985105574131012,0.9862043857574464,-0.209131971001625,457987040.0,627611392.0,-298321952.0,-678437440.0
0.1909412741661071,0.9858381152153016,-0.1968013644218444,679156288.0,692356096.0,-35961944.0,-459367008.0
0.1798315197229385,0.9714320302009584,-0.1875228881835937,800251456.0,654931776.0,231845600.0,-172716880.0
0.1760468780994415,0.9385911226272584,-0.177633985877037,803412608.0,520857312.0,465602016.0,139183856.0
0.1751922816038131,0.939689874649048,-0.1733610033988952,688236544.0,310096736.0,630706496.0,430466400.0
0.1756806224584579,0.9560493230819702,-0.1870345473289489,471634816.0,53942332.0,702972608.0,658332608.0
0.1832499057054519,0.9481137990951538,-0.1795873492956161,178603248.0,-216445072.0,669655936.0,791034048.0
0.1812965422868728,0.9428641200065612,-0.1717738956212997,-134353712.0,-448507744.0,537488256.0,803005440.0
0.185203269124031,0.9468929171562196,-0.1803198605775833,-427565792.0,-614618752.0,326554464.0,696932544.0
0.1904529333114624,0.956781804561615,-0.1965571939945221,-657970432.0,-690528000.0,68133424.0,488390560.0
0.1969234496355056,0.958613097667694,-0.2066902667284011,-791838400.0,-665291520.0,-199920768.0,208164048.0
0.2004639208316803,0.952020525932312,-0.1991209834814071,-809801600.0,-542410432.0,-438637280.0,-102621088.0
0.1906971037387848,0.9576364159584044,-0.1860578656196594,-709221632.0,-339851776.0,-612989696.0,-398334848.0
0.188987910747528,0.9638627767562866,-0.1908191889524459,-498856096.0,-80968312.0,-698242944.0,-640285120.0
0.1861799508333206,0.960810661315918,-0.1883774846792221,-219180016.0,183964784.0,-678088832.0,-781814656.0
0.1854474395513534,0.9648394584655762,-0.1878891438245773,92433488.0,421915328.0,-558771776.0,-808788672.0
0.185203269124031,0.9661824107170104,-0.1888658255338668,390461760.0,598138752.0,-357846432.0,-717382080.0
0.1805640310049057,0.9569039344787598,-0.1975338757038116,631163328.0,687067200.0,-104911840.0,-521043648.0
0.1809302866458892,0.9661824107170104,-0.2036381363868713,779661248.0,675798464.0,163023344.0,-248535024.0
0.1861799508333206,0.9671590924263,-0.2170675098896026,813761216.0,562166528.0,412419328.0,67773912.0
0.1854474395513534,0.9559272527694702,-0.216701254248619,726809536.0,368152960.0,595231744.0,367194688.0
0.1828836500644683,0.947625458240509,-0.2093761414289474,533928640.0,120318800.0,691126208.0,612951616.0
0.18202905356884,0.9444512128829956,-0.2075448632240295,263228752.0,-145086992.0,686193536.0,769233600.0
0.1870345473289489,0.9561713933944702,-0.2390428483486175,-46092296.0,-389183392.0,581546432.0,813103360.0
0.1917958706617355,0.9678915739059448,-0.2629715502262115,-348792768.0,-576595968.0,392310496.0,738169792.0
0.1968013644218444,0.9592235088348388,-0.2568672895431518,-600727424.0,-679824064.0,145444592.0,555637632.0
0.1965571939945221,0.9468929171562196,-0.2549139261245727,-767578560.0,-682407616.0,-129522280.0,285111360.0
0.1903308480978012,0.9534855484962464,-0.2616286277770996,-817127424.0,-583933056.0,-379164960.0,-21918128.0
0.1926504671573639,0.9468929171562196,-0.2511292994022369,-747234624.0,-399624512.0,-573333952.0,-325807232.0
0.1972897052764892,0.925650119781494,-0.2481992393732071,-567987264.0,-156555888.0,-683505664.0,-581912512.0
0.1972897052764892,0.9199120998382568,-0.2471004724502563,-305484288.0,109513504.0,-693622592.0,-752658880.0
0.2018068581819534,0.9473812580108644,-0.2599194347858429,1945780.0,359331328.0,-602338624.0,-813011008.0
0.2048589885234832,0.9464045763015748,-0.2677328884601593,309038752.0,556554112.0,-423009600.0,-754139840.0
0.2079111188650131,0.9450616240501404,-0.2761567533016205,576145600.0,674038720.0,-175392608.0,-579557632.0
0.2087657153606414,0.9621535539627076,-0.2754242420196533,751950016.0,689098368.0,92328640.0,-322663200.0
0.2098644822835922,0.9671590924263,-0.266267865896225,817825664.0,603000192.0,346604704.0,-18400748.0
0.2027835398912429,0.956537663936615,-0.2441704273223877,764089728.0,427994112.0,550115456.0,288586944.0
0.1944817453622818,0.9550726413726808,-0.2351361215114593,598293120.0,189968864.0,672853440.0,553305536.0
0.1897204220294952,0.9461604356765748,-0.2391649335622787,344619488.0,-75972176.0,696868160.0,736723712.0
0.1865462064743042,0.936881959438324,-0.233060672879219,40538584.0,-330753664.0,618667136.0,811868864.0
0.1871566325426101,0.9600781202316284,-0.229276031255722,-276535520.0,-541080576.0,444655616.0,765482112.0
0.1897204220294952,0.9741179347038268,-0.2312293946743011,-545641216.0,-666287872.0,208771776.0,606359616.0
0.1883774846792221,0.9703332781791688,-0.2394091039896011,-734737088.0,-693830912.0,-57733696.0,358257472.0
0.1869124621152877,0.9578806161880492,-0.2333048433065414,-816093312.0,-619524672.0,-315884384.0,57614608.0
0.1847149282693863,0.956537663936615,-0.2237821966409683,-777787904.0,-454256800.0,-527635232.0,-251434368.0
0.182639479637146,0.9527530074119568,-0.2235380262136459,-625427840.0,-222312224.0,-661953536.0,-523599424.0
0.1821511387825012,0.9468929171562196,-0.2232938557863235,-374763552.0,48881640.0,-698758208.0,-722372032.0
0.1847149282693863,0.9451837539672852,-0.2230496853590011,-73944448.0,306527264.0,-631117056.0,-809435584.0
0.1863020360469818,0.941399097442627,-0.2193871289491653,237668832.0,519287872.0,-470932992.0,-777815680.0
0.1891099959611892,0.9453058242797852,-0.2263459861278534,514349472.0,655946816.0,-241932128.0,-632114496.0
0.19020876288414,0.9451837539672852,-0.2351361215114593,715576192.0,696607488.0,22338876.0,-393841632.0
0.1926504671573639,0.947869598865509,-0.2335490137338638,812109824.0,635251968.0,283339488.0,-97840736.0
0.1917958706617355,0.9484800100326538,-0.2398974448442459,789721920.0,480950208.0,502788864.0,212487824.0
0.1941154897212982,0.94603830575943,-0.2440483421087265,647206912.0,250041360.0,651057920.0,497642080.0
0.1941154897212982,0.941643238067627,-0.2449029386043548,411782528.0,-12662678.0,699516480.0,702760960.0
0.1931388080120086,0.9404224157333374,-0.2507630288600921,115993760.0,-273594496.0,645536576.0,804919552.0
0.1943596601486206,0.9384690523147584,-0.2411182969808578,-196688400.0,-494486368.0,496850624.0,789213440.0
0.1914296150207519,0.9418874382972716,-0.2413624674081802,-480486048.0,-642990144.0,275371616.0,657866880.0
0.1947259157896042,0.9487242102622986,-0.2525943219661712,-693847488.0,-697385216.0,13764644.0,430071520.0
0.1969234496355056,0.9534855484962464,-0.2597973346710205,-805602240.0,-649728320.0,-249836048.0,139146064.0
0.1931388080120086,0.9490904808044434,-0.2563789486885071,-797784256.0,-502240704.0,-481721760.0,-179332640.0
0.1944817453622818,0.9453058242797852,-0.2541814148426056,-671703168.0,-283729312.0,-636927680.0,-464281408.0
0.1949700862169265,0.9489683508872986,-0.2596752643585205,-447083168.0,-23639520.0,-698824384.0,-681266368.0
0.193993404507637,0.9492125511169434,-0.2624832093715668,-156838112.0,240002960.0,-658244864.0,-798395648.0
0.1930167227983474,0.9466487765312196,-0.2477108985185623,156278336.0,468484480.0,-520943680.0,-798522752.0
0.1931388080120086,0.9501892328262328,-0.2438041716814041,446502976.0,628279168.0,-307180032.0,-681514752.0
0.189598336815834,0.9555609822273254,-0.2490538358688354,675355776.0,696356736.0,-41851176.0,-458423200.0
0.1892320811748504,0.9592235088348388,-0.2438041716814041,798894336.0,659601280.0,223595552.0,-172106304.0
0.1861799508333206,0.9641069173812866,-0.2413624674081802,805318400.0,526125088.0,456212768.0,139449344.0
0.1860578656196594,0.9604443907737732,-0.2396532744169235,693685248.0,315471040.0,621918464.0,430601600.0
0.1863020360469818,0.9532413482666016,-0.2359907180070877,480302912.0,58481928.0,696422272.0,658639872.0
0.1900866776704788,0.9559272527694702,-0.2328165024518966,196519264.0,-206993392.0,668718400.0,790108288.0
0.1908191889524459,0.9554389119148254,-0.2385545074939727,-116113384.0,-442125120.0,542948416.0,805711808.0
0.1941154897212982,0.9461604356765748,-0.2385545074939727,-418066368.0,-615563776.0,331676832.0,699438208.0
0.1936271488666534,0.9454278945922852,-0.2265901565551757,-651198464.0,-693746176.0,76115968.0,491716096.0
0.1926504671573639,0.9428641200065612,-0.2212184071540832,-788920576.0,-670247360.0,-190698944.0,211962976.0
0.1949700862169265,0.9501892328262328,-0.2306189686059951,-811034560.0,-548571520.0,-429452928.0,-98914016.0
0.200952261686325,0.9542180299758912,-0.2409962117671966,-714265344.0,-346580160.0,-605180928.0,-395455136.0
0.2026614546775818,0.9450616240501404,-0.229276031255722,-512925504.0,-93584360.0,-692101248.0,-634087360.0
0.19838847219944,0.9365156888961792,-0.2295202016830444,-236451584.0,173207072.0,-677592256.0,-779666688.0
0.2026614546775818,0.9421315789222716,-0.2385545074939727,82112056.0,419816768.0,-559924096.0,-810196288.0
0.2019289433956146,0.9454278945922852,-0.2460017055273056,381573696.0,598616640.0,-361986048.0,-719685568.0
0.2029056251049041,0.9378586411476136,-0.2435600012540817,624993792.0,689677120.0,-110927528.0,-523779360.0
0.1979001313447952,0.9381027817726136,-0.241240382194519,776750528.0,679719744.0,156470320.0,-251153712.0
0.1957025974988937,0.9346843957901,-0.2466121315956115,814623872.0,570186752.0,401002016.0,58257148.0
0.1943596601486206,0.9337077140808104,-0.2507630288600921,733075840.0,377188000.0,586771584.0,359095488.0
0.19838847219944,0.9411548972129822,-0.249420091509819,544092800.0,128964120.0,686519232.0,607407680.0
0.197167620062828,0.943596601486206,-0.2525943219661712,268390880.0,-144695200.0,684292864.0,769216768.0
0.1953363418579101,0.9405444860458374,-0.2568672895431518,-41170512.0,-390713696.0,580718528.0,813225216.0
0.1965571939945221,0.9528750777244568,-0.2557685375213623,-344787872.0,-579424832.0,392069824.0,737964096.0
0.1969234496355056,0.956659734249115,-0.2480771541595459,-597800896.0,-683134592.0,145953232.0,554599360.0
0.1926504671573639,0.956781804561615,-0.2485654950141906,-763161728.0,-686778560.0,-121593784.0,289923840.0
0.1957025974988937,0.960932731628418,-0.2485654950141906,-816675840.0,-589779328.0,-371245632.0,-17294576.0
0.1938713192939758,0.9628860950469972,-0.2481992393732071,-747568192.0,-400816576.0,-570329600.0,-328836640.0
0.197167620062828,0.9619094133377076,-0.2442925125360489,-568905152.0,-156722800.0,-680196672.0,-584840832.0
0.1974117904901504,0.9650835990905762,-0.2435600012540817,-306781920.0,110340304.0,-690224320.0,-755130304.0
0.1947259157896042,0.9598339796066284,-0.2463679611682891,356448.0,361281088.0,-598981696.0,-814627712.0
0.1947259157896042,0.9500671625137328,-0.2468563020229339,307424672.0,559289408.0,-419811584.0,-754562944.0
0.1958246827125549,0.9526309370994568,-0.2441704273223877,569334208.0,675198784.0,-179119744.0,-583783104.0
0.193993404507637,0.952020525932312,-0.2460017055273056,747673024.0,692122688.0,87850840.0,-327345312.0
0.1957025974988937,0.9405444860458374,-0.249420091509819,816463808.0,604284032.0,347717920.0,-15537792.0
0.1955805122852325,0.9382248520851136,-0.24441459774971,762472704.0,428873280.0,550048000.0,291670592.0
0.193993404507637,0.9382248520851136,-0.2323281615972519,596798848.0,190370096.0,671703232.0,556171392.0
0.1915517002344131,0.939567804336548,-0.2319619059562683,343706272.0,-76023216.0,694830144.0,739066368.0
0.192772552371025,0.9427420496940612,-0.238066166639328,40138708.0,-331301344.0,616108608.0,813609216.0
0.1953363418579101,0.9494566917419434,-0.2402637004852295,-269370880.0,-537970176.0,447026752.0,768840640.0
0.1961909383535385,0.9494566917419434,-0.2452691942453384,-539325376.0,-665736704.0,212434384.0,611323072.0
0.1965571939945221,0.952386736869812,-0.2523501515388489,-733497792.0,-695366528.0,-59863696.0,357469152.0
0.19838847219944,0.9529972076416016,-0.2480771541595459,-814492416.0,-621195712.0,-317010624.0,56069080.0
0.1972897052764892,0.9560493230819702,-0.2507630288600921,-776038144.0,-455984096.0,-527674592.0,-253622512.0
0.2004639208316803,0.958735167980194,-0.2519838809967041,-623789376.0,-223931744.0,-660898432.0,-526190240.0
0.1970455348491668,0.9511659145355223,-0.2571114599704742,-380001856.0,41053416.0,-697256512.0,-721573312.0
0.1981443017721176,0.943474531173706,-0.2545476853847503,-80527000.0,300030336.0,-631312960.0,-811087296.0
0.1957025974988937,0.94567209482193,-0.2529605627059936,237830288.0,519463456.0,-467849088.0,-779508288.0
0.193993404507637,0.9486021399497986,-0.2611402869224548,513902752.0,656874240.0,-238870080.0,-632679040.0
0.1915517002344131,0.9500671625137328,-0.2616286277770996,714521152.0,698020416.0,25042872.0,-393092128.0
0.1913075298070907,0.952386736869812,-0.2549139261245727,810418688.0,636844224.0,285257760.0,-95919176.0
0.1875228881835937,0.9466487765312196,-0.2555243670940399,787452544.0,482546752.0,503654304.0,215222976.0
0.1913075298070907,0.9473812580108644,-0.2527163922786712,649077056.0,257747248.0,648311296.0,494852736.0
0.1913075298070907,0.94603830575943,-0.2492980062961578,415767328.0,-4598201.0,698134016.0,701888000.0
0.1900866776704788,0.9376144409179688,-0.2605298459529876,114307944.0,-272397440.0,643509568.0,807186624.0
0.1849590986967086,0.9265046715736388,-0.2644365727901459,-197298928.0,-493920064.0,495136480.0,790491904.0
0.1831278204917907,0.9151507616043092,-0.2624832093715668,-479883456.0,-643376448.0,274335328.0,658361792.0
0.185813695192337,0.910755693912506,-0.2593089938163757,-692272512.0,-698907072.0,13432414.0,430149664.0
0.1963130235671997,0.906604826450348,-0.2591869235038757,-803583680.0,-652373184.0,-249426592.0,139177440.0
0.2025393694639206,0.9019655585289,-0.2584544122219085,-797583104.0,-510624672.0,-475875776.0,-172009840.0
0.2123061865568161,0.9024538993835448,-0.2600415050983429,-675184064.0,-294343136.0,-632865472.0,-458139040.0
0.2218288332223892,0.9059943556785583,-0.2558906078338623,-448157440.0,-28415720.0,-697657920.0,-681573440.0
0.2306189686059951,0.9128311276435852,-0.2507630288600921,-159732992.0,235671568.0,-657834944.0,-799449152.0
0.2351361215114593,0.9261384606361388,-0.2556464374065399,152103424.0,465281984.0,-521840480.0,-800613056.0
0.238066166639328,0.9360273480415344,-0.2601636052131653,441905280.0,626866176.0,-309389312.0,-684805248.0
0.2297643721103668,0.952386736869812,-0.2646807432174682,667230848.0,696702976.0,-51441972.0,-468703808.0
0.2241484522819519,0.956537663936615,-0.2643145024776459,794898496.0,664337984.0,214198304.0,-183934752.0
0.2158466577529907,0.9592235088348388,-0.2674887180328369,806047488.0,534515936.0,448512544.0,127820768.0
0.2011964321136474,0.9687461853027344,-0.273837149143219,695048064.0,320295424.0,620263168.0,427216704.0
0.1908191889524459,0.973507523536682,-0.2773776054382324,483023840.0,63304408.0,696055744.0,656588480.0
0.1795873492956161,0.9766817092895508,-0.2777438759803772,200062656.0,-203124944.0,669538304.0,789528448.0
0.1722622364759445,0.9755829572677612,-0.273837149143219,-112318704.0,-439842464.0,544440448.0,806491904.0
0.1659138053655624,0.980588436126709,-0.2762788534164428,-408191744.0,-611888064.0,339289824.0,704823680.0
0.1607862263917923,0.9852277040481568,-0.2757905125617981,-644039104.0,-693959872.0,84242736.0,499457760.0
0.1607862263917923,0.9733853936195374,-0.2645586729049682,-787226432.0,-671995136.0,-189681648.0,213633984.0
0.1591991186141967,0.9617873430252076,-0.2577219009399414,-810012160.0,-550530624.0,-429135680.0,-97777576.0
0.1596874594688415,0.9455499649047852,-0.2463679611682891,-713752576.0,-348140608.0,-605404928.0,-394666624.0
0.1615187376737594,0.9533634185791016,-0.245635449886322,-512571872.0,-94792696.0,-692646912.0,-633597824.0
0.1726284921169281,0.9615431427955629,-0.2491759210824966,-236032384.0,172236656.0,-678061696.0,-779600576.0
0.1801977753639221,0.9543401002883912,-0.2503967881202698,75277328.0,413968736.0,-563787712.0,-811189312.0
0.182639479637146,0.952142596244812,-0.245635449886322,375481792.0,594766400.0,-366649856.0,-723709760.0
0.1913075298070907,0.9470149874687196,-0.2385545074939727,625486976.0,689102656.0,-108935032.0,-524364608.0
0.193993404507637,0.9446954131126404,-0.2356244623661041,776961984.0,678819584.0,159082880.0,-251292992.0
0.2051031589508056,0.9421315789222716,-0.2352582067251205,814331136.0,568712512.0,403609888.0,58748628.0
0.2110853344202041,0.9360273480415344,-0.2348919510841369,732015168.0,374960320.0,588827456.0,360225280.0
0.2197533845901489,0.9295568466186525,-0.2356244623661041,542139392.0,126229848.0,687479424.0,608641472.0
0.2259797304868698,0.9261384606361388,-0.2361128032207489,272543296.0,-141022352.0,685250240.0,767584832.0
0.2295202016830444,0.9199120998382568,-0.2385545074939727,-36961832.0,-387515264.0,582586752.0,813621504.0
0.2264680713415146,0.919423758983612,-0.2440483421087265,-347633856.0,-580943424.0,389074752.0,737019520.0
0.2230496853590011,0.9299230575561525,-0.2423391491174698,-599809216.0,-683815424.0,142367040.0,552520064.0
0.2170675098896026,0.939445734024048,-0.2512513697147369,-764015168.0,-686444352.0,-125225936.0,286905792.0
0.2124282717704773,0.9409107565879822,-0.2563789486885071,-816118400.0,-588374976.0,-374503136.0,-20846200.0
0.2042485624551773,0.9426199197769164,-0.2561347782611847,-748487104.0,-403900608.0,-568867840.0,-325487680.0
0.197778046131134,0.9392015337944032,-0.2556464374065399,-571040896.0,-160075728.0,-679780992.0,-582329216.0
0.1904529333114624,0.9443291425704956,-0.2560127079486847,-302943168.0,113788584.0,-689913088.0,-756451584.0
0.1844707578420639,0.9487242102622986,-0.2594310939311981,4317787.0,364452320.0,-597561024.0,-814247040.0
0.1823953092098236,0.94603830575943,-0.2635819911956787,310885632.0,561660352.0,-417696320.0,-752555008.0
0.1787327527999878,0.9501892328262328,-0.265047013759613,571817280.0,676577664.0,-176729152.0,-580479040.0
0.1795873492956161,0.9561713933944702,-0.2649249136447906,748907904.0,692398912.0,89982096.0,-323334912.0
0.1808082014322281,0.9622756838798524,-0.2716396152973175,816301888.0,606871168.0,343407616.0,-18743810.0
0.1830057352781295,0.9614210724830629,-0.273837149143219,764157696.0,432495200.0,546459200.0,288642848.0
0.185203269124031,0.9550726413726808,-0.2648028433322906,595183872.0,188311680.0,671200128.0,559201920.0
0.1828836500644683,0.965571939945221,-0.261994868516922,341515488.0,-78110144.0,693664768.0,740956608.0
0.1834940761327743,0.958368957042694,-0.2646807432174682,37792836.0,-333112448.0,614504256.0,814195200.0
0.1834940761327743,0.94603830575943,-0.2568672895431518,-271363776.0,-539336704.0,445238336.0,768219968.0
0.1793431788682937,0.958613097667694,-0.2551580965518951,-540801664.0,-666544512.0,210792432.0,609704896.0
0.1831278204917907,0.9576364159584044,-0.2556464374065399,-731075392.0,-696072640.0,-54523308.0,361884512.0
0.1884995698928833,0.9451837539672852,-0.2501526176929474,-814284992.0,-623585344.0,-311862752.0,61191696.0
0.1935050636529922,0.9448174834251404,-0.2508851289749145,-776004032.0,-454735008.0,-527858560.0,-255579024.0
0.1943596601486206,0.9451837539672852,-0.2507630288600921,-623406912.0,-222334560.0,-660668288.0,-527607872.0
0.1953363418579101,0.9418874382972716,-0.2558906078338623,-379434176.0,42667400.0,-696663488.0,-722350784.0
0.1974117904901504,0.9350506663322448,-0.2629715502262115,-79854640.0,301420864.0,-630586496.0,-811203392.0
0.1976559609174728,0.9299230575561525,-0.266389936208725,231373344.0,516037280.0,-472094080.0,-781166208.0
0.1969234496355056,0.9295568466186525,-0.2707850039005279,508663488.0,655095552.0,-244409488.0,-636629248.0
0.1957025974988937,0.9348064661026,-0.2702966630458832,711396480.0,698148480.0,19124172.0,-398822688.0
0.1948480010032653,0.9418874382972716,-0.2701745927333832,810822720.0,636150976.0,285866400.0,-95290656.0
0.1944817453622818,0.9378586411476136,-0.2699304223060608,787724544.0,481233504.0,504242944.0,215788960.0
0.1996093243360519,0.9359052777290344,-0.2715175151824951,649200896.0,255807376.0,648657984.0,495242496.0
0.1974117904901504,0.9405444860458374,-0.2682212293148041,415457344.0,-7199961.0,698022976.0,702160064.0
0.2043706476688385,0.9501892328262328,-0.2710291743278503,120689720.0,-269098336.0,645004416.0,806170496.0
0.2004639208316803,0.9429861903190612,-0.2740813195705414,-191726368.0,-491626880.0,497341056.0,791907456.0
0.2000976651906967,0.9385911226272584,-0.2688316404819488,-482020672.0,-644654080.0,270453952.0,657155520.0
0.2002197504043579,0.9442070722579956,-0.2640703320503235,-694347648.0,-698508928.0,8544463.0,427568864.0
0.2070565223693847,0.9561713933944702,-0.2594310939311981,-804888064.0,-649618560.0,-254556240.0,135179760.0
0.2004639208316803,0.9569039344787598,-0.2546697556972503,-797331840.0,-504863712.0,-480508320.0,-177222640.0
0.2024172842502594,0.9472591876983644,-0.2497863471508026,-672577408.0,-285496544.0,-635697280.0,-463618208.0
0.2046148180961609,0.9384690523147584,-0.2479550689458847,-448752960.0,-23934516.0,-697214720.0,-681807232.0
0.2037602216005325,0.9420095086097716,-0.2428274899721145,-158726240.0,241196432.0,-655996544.0,-799512512.0
0.2092540562152862,0.9451837539672852,-0.2411182969808578,161969120.0,475591328.0,-513679776.0,-797893120.0
0.2099865674972534,0.9490904808044434,-0.2403857856988906,451484480.0,633819328.0,-298200768.0,-677076544.0
0.2101086527109146,0.9486021399497986,-0.2329385876655578,674371328.0,698698624.0,-38838156.0,-456570496.0
0.2057135850191116,0.9461604356765748,-0.2237821966409683,797871808.0,660736384.0,226253680.0,-168993440.0
0.2007080912590026,0.9506775736808776,-0.2229276001453399,803881152.0,525662240.0,458049568.0,143410032.0
0.1970455348491668,0.956659734249115,-0.2203638106584549,691647104.0,313349248.0,622436480.0,434661760.0
0.1900866776704788,0.958491027355194,-0.216701254248619,477746272.0,54931444.0,695324096.0,661956928.0
0.186424121260643,0.9597118496894836,-0.2204858958721161,186354880.0,-217931024.0,663936448.0,793654720.0
0.1816627979278564,0.9595897793769836,-0.2152362316846847,-126347008.0,-452124928.0,534493824.0,804274432.0
0.1816627979278564,0.9561713933944702,-0.2115736752748489,-420476000.0,-619867200.0,326352288.0,696692352.0
0.1871566325426101,0.9531192779541016,-0.2082773745059967,-652770880.0,-696393856.0,70215960.0,486741152.0
0.1913075298070907,0.947625458240509,-0.2080332040786743,-789076224.0,-670542208.0,-196208128.0,205318704.0
0.1943596601486206,0.9410328269004822,-0.2110853344202041,-809388544.0,-546187392.0,-433815712.0,-106277784.0
0.1986326426267624,0.9362714886665344,-0.2082773745059967,-707148672.0,-335863648.0,-610852608.0,-408554720.0
0.1987547278404235,0.9346843957901,-0.2140153795480728,-501916640.0,-80671456.0,-693235200.0,-643364864.0
0.1980222165584564,0.9351727366447448,-0.2208521515130996,-222985920.0,186270736.0,-674061248.0,-783673024.0
0.1980222165584564,0.941277027130127,-0.2281772643327713,88662616.0,425856096.0,-556173376.0,-808936448.0
0.2005860060453415,0.9437187314033508,-0.2307410538196563,387285728.0,602981504.0,-356772000.0,-715582528.0
0.1965571939945221,0.9571480751037598,-0.2331827580928802,629155456.0,691712832.0,-105059408.0,-517282144.0
0.1932608932256698,0.9539738893508912,-0.2325723320245742,778748800.0,679015808.0,162105024.0,-243169360.0
0.1926504671573639,0.9472591876983644,-0.2285435199737548,813537664.0,562849280.0,410877440.0,73880920.0
0.1903308480978012,0.9595897793769836,-0.2226834297180175,726748800.0,366101152.0,592929088.0,373045216.0
0.1904529333114624,0.9779025912284852,-0.2270784974098205,533330336.0,115807016.0,688095360.0,617732736.0
0.1976559609174728,0.9753387570381165,-0.2291539460420608,261603200.0,-151498768.0,682326912.0,771986624.0
0.2019289433956146,0.9656940698623656,-0.2326944172382354,-48493620.0,-396565632.0,576489792.0,812997632.0
0.2051031589508056,0.9627640247344972,-0.232450246810913,-351569408.0,-583505920.0,385987200.0,734748352.0
0.2124282717704773,0.9593456387519836,-0.2206079810857772,-603160000.0,-684644480.0,138643088.0,548779968.0
0.2085215449333191,0.949945032596588,-0.2148699760437011,-768712192.0,-683878592.0,-135767584.0,275463776.0
0.2087657153606414,0.9378586411476136,-0.2163349986076355,-816270720.0,-581576256.0,-383815104.0,-32842204.0
0.2076669484376907,0.9332193732261658,-0.2169454246759414,-743987520.0,-393906400.0,-575496256.0,-336222976.0
0.2086436301469802,0.9334635734558104,-0.213527038693428,-562508800.0,-148365936.0,-682703040.0,-590262208.0
0.2066902667284011,0.9338297843933104,-0.2154804021120071,-298472768.0,118984696.0,-689726528.0,-757598464.0
0.2018068581819534,0.9319985508918762,-0.2145037204027176,9259636.0,368957120.0,-595532672.0,-813662848.0
0.200952261686325,0.9427420496940612,-0.2138932943344116,322391328.0,568616192.0,-408602368.0,-747465728.0
0.1948480010032653,0.947869598865509,-0.2132828682661056,580701888.0,679408064.0,-165349584.0,-571638912.0
0.1916737854480743,0.958735167980194,-0.2199975550174713,753822144.0,690613120.0,102055888.0,-311948320.0
0.1911854445934295,0.9677695035934448,-0.2276889234781265,816373696.0,600661248.0,354429696.0,-6413751.0
0.1891099959611892,0.9686241149902344,-0.2230496853590011,759234432.0,422617824.0,554825472.0,300079136.0
0.1866682916879654,0.9682578444480896,-0.2156024873256683,590767680.0,182505632.0,673844288.0,562619392.0
0.182639479637146,0.9819313883781432,-0.2145037204027176,335565184.0,-84351400.0,693988032.0,742686336.0
0.1838603317737579,0.9843730926513672,-0.2176779359579086,23651512.0,-344664128.0,608957440.0,814088192.0
0.1848370134830474,0.9739958643913268,-0.2153583168983459,-284991776.0,-547875648.0,435368992.0,762880960.0
0.1821511387825012,0.9700891375541688,-0.2108411639928817,-551723456.0,-670644608.0,197821632.0,599687552.0
0.1822732239961624,0.9667928218841552,-0.2142595499753952,-737393984.0,-695012608.0,-68715488.0,348435424.0
0.1834940761327743,0.9604443907737732,-0.2262239009141922,-814703872.0,-617576320.0,-325057312.0,46003080.0
0.1850811839103698,0.954828441143036,-0.2121841013431549,-772596928.0,-449439936.0,-533672608.0,-263083280.0
0.185813695192337,0.9570260047912598,-0.2075448632240295,-617228224.0,-215355536.0,-663965568.0,-533593952.0
0.1839824169874191,0.9504333734512328,-0.2104749083518982,-364772928.0,56958624.0,-696390272.0,-729149184.0
0.186424121260643,0.9509217143058776,-0.221096321940422,-63596948.0,314499264.0,-624938176.0,-812046464.0
0.1842265874147415,0.952386736869812,-0.2163349986076355,246901520.0,525979008.0,-461782528.0,-775927936.0
0.1855695247650146,0.9561713933944702,-0.2066902667284011,521221728.0,660273024.0,-230829776.0,-626104320.0
0.1875228881835937,0.9628860950469972,-0.2105969935655594,719095488.0,697745152.0,33810816.0,-384488896.0
0.1917958706617355,0.9637407064437866,-0.221096321940422,811561024.0,633026048.0,293452416.0,-86336320.0
0.1900866776704788,0.9670369625091552,-0.2180441915988922,785062336.0,475480960.0,510027488.0,224473632.0
0.1909412741661071,0.965327799320221,-0.209742397069931,638974016.0,241943216.0,654093504.0,508191744.0
0.1882553994655609,0.9656940698623656,-0.2075448632240295,401170112.0,-22112116.0,697858880.0,710273216.0
0.1861799508333206,0.9665486216545104,-0.2181662768125534,104504968.0,-282810400.0,639449792.0,808159872.0
0.1913075298070907,0.9633744359016418,-0.2225613445043563,-207544224.0,-502020448.0,487322144.0,787616320.0
0.1957025974988937,0.9639848470687866,-0.2232938557863235,-489238592.0,-647605184.0,263780768.0,651609024.0
0.1970455348491668,0.9612990021705629,-0.2169454246759414,-699183872.0,-698177920.0,1578419.0,420248128.0
0.1952142566442489,0.9455499649047852,-0.2081552892923355,-807844544.0,-643808704.0,-267174976.0,120152288.0
0.2004639208316803,0.9473812580108644,-0.2136491239070892,-794165184.0,-495447840.0,-490089088.0,-191225904.0
0.2005860060453415,0.9634965062141418,-0.1980222165584564,-664312320.0,-274486368.0,-641094016.0,-474622368.0
0.197167620062828,0.9289463758468628,-0.1911854445934295,-437359488.0,-12933572.0,-698292736.0,-688373568.0
0.1965571939945221,0.9533634185791016,-0.2146258056163787,-146112864.0,250276832.0,-653413760.0,-801239360.0
0.2043706476688385,0.9633744359016418,-0.2302527129650116,166813136.0,476821920.0,-512747552.0,-796759488.0
0.2004639208316803,0.9417653679847716,-0.2348919510841369,455094240.0,633632576.0,-296815520.0,-675441408.0
0.2014406025409698,0.9514100551605223,-0.2333048433065414,680769920.0,697824512.0,-30784248.0,-448962240.0
0.2062019258737564,0.9571480751037598,-0.2369673997163772,800459200.0,657109120.0,233646080.0,-160635200.0
0.2024172842502594,0.9493346214294434,-0.2394091039896011,802740480.0,520030816.0,463926784.0,151225536.0
0.2027835398912429,0.947869598865509,-0.2350140362977981,687314944.0,306625184.0,626169664.0,440922048.0
0.2038823068141937,0.947869598865509,-0.2268343269824981,471122496.0,48171444.0,696470720.0,666012864.0
0.1985105574131012,0.9543401002883912,-0.2154804021120071,185878448.0,-217425920.0,664498112.0,793434880.0
0.1998534947633743,0.9525088667869568,-0.232450246810913,-126827968.0,-451192640.0,535152352.0,804284352.0
0.2046148180961609,0.9526309370994568,-0.2403857856988906,-427238688.0,-621777088.0,321437664.0,693152000.0
0.2051031589508056,0.9604443907737732,-0.2369673997163772,-657611712.0,-696120960.0,64834620.0,481331904.0
0.2016847729682922,0.9582468271255492,-0.2287876904010772,-791443200.0,-668132544.0,-201414048.0,198923296.0
0.2020510286092758,0.9647173881530762,-0.2256134748458862,-809121152.0,-541842368.0,-438100256.0,-112780888.0
0.2019289433956146,0.9682578444480896,-0.2322060763835907,-707813568.0,-335781120.0,-610413632.0,-408127008.0
0.1966792792081833,0.9683799147605896,-0.2297643721103668,-502410016.0,-80164544.0,-692836928.0,-643472128.0
0.1969234496355056,0.971920371055603,-0.216701254248619,-215917072.0,193777056.0,-671232320.0,-786256256.0
0.1899645924568176,0.9669148921966552,-0.2068123519420623,96509600.0,432726048.0,-549942400.0,-808652544.0
0.1876449733972549,0.969844937324524,-0.2075448632240295,394756320.0,607927488.0,-347538560.0,-711849792.0
0.1833719909191131,0.9623977541923524,-0.197778046131134,634654080.0,693501952.0,-93844456.0,-510278304.0
0.1863020360469818,0.9626418948173524,-0.1897204220294952,781079040.0,676814976.0,173689424.0,-233646144.0
0.1913075298070907,0.9560493230819702,-0.1800756901502609,812546048.0,560298176.0,415661920.0,77340648.0
0.1950921714305877,0.9487242102622986,-0.1914296150207519,724224384.0,361453024.0,596412608.0,376914144.0
0.1975338757038116,0.9504333734512328,-0.1925283819437027,523601600.0,102893360.0,690386816.0,625733056.0
0.2036381363868713,0.9443291425704956,-0.1884995698928833,249325920.0,-165029296.0,679396736.0,775850176.0
0.200952261686325,0.9443291425704956,-0.1747039407491684,-61539708.0,-408778464.0,568292672.0,811836160.0
0.2008301764726638,0.9466487765312196,-0.1755585372447967,-363274528.0,-592381568.0,373608480.0,728322688.0
0.2054694145917892,0.9404224157333374,-0.1856916099786758,-611461120.0,-688928320.0,124085440.0,537603392.0
0.2063240110874176,0.941399097442627,-0.1784885823726654,-769639168.0,-684223424.0,-143662864.0,267910992.0
0.2074227780103683,0.949578821659088,-0.1739714294672012,-814685440.0,-579006528.0,-390220480.0,-41092024.0
0.2070565223693847,0.956537663936615,-0.1764131337404251,-736877696.0,-383212128.0,-583119104.0,-350789504.0
0.2085215449333191,0.9619094133377076,-0.1756806224584579,-551098368.0,-135017840.0,-684908480.0,-601566784.0
0.2101086527109146,0.9671590924263,-0.1739714294672012,-284309632.0,133074520.0,-685981952.0,-764074240.0
0.2109632492065429,0.9726529121398926,-0.1749481111764907,24357812.0,381601888.0,-586102784.0,-814365824.0
0.2064460963010788,0.9752166867256165,-0.1733610033988952,329491808.0,574032000.0,-399817216.0,-744976576.0
0.205347329378128,0.969967007637024,-0.1703088730573654,586129600.0,681930368.0,-154590176.0,-566079872.0
0.2025393694639206,0.9675253033638,-0.1672567427158355,756542976.0,689449984.0,113499216.0,-303876416.0
0.1970455348491668,0.9665486216545104,-0.161274567246437,815521600.0,591948416.0,370588512.0,10358176.0
0.1979001313447952,0.9633744359016418,-0.1664021462202072,751552384.0,408606464.0,566660288.0,316271040.0
0.1970455348491668,0.9597118496894836,-0.1729947477579116,576872896.0,165240176.0,679390208.0,575555136.0
0.1957025974988937,0.961176872253418,-0.1692101061344146,317383968.0,-102309408.0,692213760.0,750041216.0
0.1976559609174728,0.9595897793769836,-0.1599316298961639,11257260.0,-354863040.0,603174400.0,814277376.0
0.1961909383535385,0.9671590924263,-0.1578561812639236,-296520832.0,-555203008.0,425482816.0,758756160.0
0.1974117904901504,0.9700891375541688,-0.1573678404092788,-566035456.0,-675620800.0,178872192.0,586571968.0
0.1991209834814071,0.9667928218841552,-0.1600537151098251,-745372736.0,-692869440.0,-88636040.0,330781728.0
0.1989988982677459,0.971798300743103,-0.1548040509223938,-815209920.0,-608225536.0,-343101440.0,26407112.0
0.1991209834814071,0.9626418948173524,-0.1477231085300445,-765290560.0,-434019296.0,-547209536.0,-281852512.0
0.1981443017721176,0.9588572978973388,-0.1466243416070938,-602904960.0,-196042368.0,-670850432.0,-548592960.0
0.1968013644218444,0.9678915739059448,-0.1451593190431594,-351905120.0,70760144.0,-695857728.0,-734751168.0
0.1998534947633743,0.9744842052459716,-0.141740933060646,-49171764.0,327134624.0,-618456128.0,-813018240.0
0.2000976651906967,0.9661824107170104,-0.137345865368843,267724128.0,539708224.0,-444871008.0,-769447936.0
0.1989988982677459,0.9689903259277344,-0.1356366723775863,537825792.0,667126336.0,-209140032.0,-612264512.0
0.1996093243360519,0.9664265513420104,-0.1364912688732147,728908032.0,696458816.0,57420688.0,-365051424.0
0.1979001313447952,0.9614210724830629,-0.1388108879327774,812717504.0,623501632.0,315483072.0,-64248796.0
0.1985105574131012,0.9540959596633912,-0.1360029280185699,777002496.0,459103424.0,527223552.0,245861696.0
0.1999755799770355,0.947625458240509,-0.1316078603267669,627153664.0,227542464.0,661651264.0,519655488.0
0.1961909383535385,0.94603830575943,-0.1296544969081878,385382336.0,-37105992.0,699316992.0,716924544.0
0.2007080912590026,0.9570260047912598,-0.1286778151988983,79819320.0,-302149312.0,631918848.0,809897984.0
0.2030277103185653,0.9661824107170104,-0.1336833089590072,-230983840.0,-516362720.0,472554752.0,780787776.0
0.1992430686950683,0.973507523536682,-0.1269686222076416,-507986400.0,-654932928.0,243847344.0,637552064.0
0.1953363418579101,0.9669148921966552,-0.1290440708398819,-710632640.0,-697631296.0,-20684452.0,401005568.0
0.1948480010032653,0.9685019850730896,-0.1355145871639251,-809225344.0,-638190208.0,-282176608.0,105667056.0
0.1953363418579101,0.973629593849182,-0.1439384669065475,-789245184.0,-485414592.0,-502260768.0,-205232240.0
0.1985105574131012,0.982541799545288,-0.1482114493846893,-649187264.0,-255396768.0,-651211136.0,-492111744.0
0.1986326426267624,0.9818093180656432,-0.1483335345983505,-415775936.0,7267717.0,-700193088.0,-699806144.0
0.1947259157896042,0.980588436126709,-0.146136000752449,-121436848.0,268876576.0,-646546752.0,-804895808.0
0.1970455348491668,0.9862043857574464,-0.142961785197258,190811712.0,491033792.0,-498098560.0,-792020224.0
0.1987547278404235,0.9874252080917358,-0.1444268077611923,475054624.0,641133184.0,-276737312.0,-663030400.0
0.1988768130540847,0.9874252080917358,-0.1451593190431594,689742080.0,697277696.0,-14797237.0,-436763360.0
0.2043706476688385,0.9809547066688538,-0.142351359128952,803346688.0,651135488.0,249270848.0,-146431696.0
0.2026614546775818,0.9779025912284852,-0.1416188478469848,797612288.0,504945312.0,481641856.0,172590400.0
0.2063240110874176,0.973507523536682,-0.1439384669065475,673484544.0,287176576.0,637247040.0,459114208.0
0.2087657153606414,0.9694786667823792,-0.1513856649398803,450578464.0,27329388.0,699384704.0,678243840.0
0.2049810737371444,0.9677695035934448,-0.1548040509223938,161539712.0,-236668368.0,658952448.0,797869760.0
0.1989988982677459,0.9659382104873656,-0.1605420559644699,-151186944.0,-466089408.0,521833696.0,800321344.0
0.1944817453622818,0.9631302356719972,-0.1634721010923385,-441577120.0,-627154240.0,308184352.0,685296384.0
0.1870345473289489,0.958368957042694,-0.158710777759552,-667046464.0,-696306752.0,49242576.0,469789984.0
0.1833719909191131,0.9626418948173524,-0.1524844318628311,-796283136.0,-661245056.0,-223197664.0,178304368.0
0.1773898154497146,0.9645952582359314,-0.150531068444252,-804433280.0,-528952384.0,-456360064.0,-133242128.0
0.1801977753639221,0.9675253033638,-0.1510194092988968,-694662336.0,-319139104.0,-622592256.0,-425317376.0
0.1850811839103698,0.9731412529945374,-0.1489439606666565,-483126976.0,-62622572.0,-697469184.0,-655076352.0
0.1882553994655609,0.9746062755584716,-0.1526065170764923,-200748416.0,203021824.0,-670162048.0,-788851392.0
0.1936271488666534,0.9727749824523926,-0.14931021630764,111074800.0,438921568.0,-544573952.0,-807075584.0
0.1980222165584564,0.9720425009727478,-0.1476010233163833,406612896.0,610444608.0,-339202816.0,-707026368.0
0.2010743468999862,0.9671590924263,-0.141740933060646,647094080.0,693267968.0,-77491888.0,-497559328.0
0.205957755446434,0.9746062755584716,-0.1454034894704818,786317184.0,671472896.0,189580528.0,-218655296.0
0.2070565223693847,0.9780246615409852,-0.1457697451114654,810364160.0,551138560.0,428879872.0,92410656.0
0.2077890336513519,0.9685019850730896,-0.141740933060646,715647104.0,349759744.0,605279488.0,389968704.0
0.2019289433956146,0.965571939945221,-0.1330728828907013,516024544.0,96892272.0,692847552.0,630249408.0
0.200952261686325,0.9531192779541016,-0.1369796097278595,240706832.0,-170236608.0,678841728.0,777930048.0
0.2026614546775818,0.9527530074119568,-0.1378342062234878,-77211248.0,-417719744.0,561373504.0,810758848.0
0.2004639208316803,0.9534855484962464,-0.1452814042568206,-376673376.0,-597636672.0,363401696.0,722363008.0
0.1958246827125549,0.9384690523147584,-0.141740933060646,-620733376.0,-690047744.0,112004608.0,528110400.0
0.1917958706617355,0.943230390548706,-0.1235502362251281,-773692672.0,-681293760.0,-155786896.0,256691216.0
0.189598336815834,0.969722867012024,-0.1185447424650192,-813407552.0,-572713856.0,-400677600.0,-52402660.0
0.1875228881835937,0.9879135489463806,-0.1427176147699356,-733818112.0,-380379584.0,-586879552.0,-354000352.0
0.1871566325426101,0.9693565964698792,-0.1522402614355087,-546715648.0,-132219696.0,-687160128.0,-603616128.0
0.1844707578420639,0.9711878895759584,-0.1578561812639236,-272449184.0,141797472.0,-685546304.0,-767211008.0
0.192772552371025,0.9771700501441956,-0.1535831987857818,36353344.0,388430592.0,-582309184.0,-813411136.0
0.1905750185251236,0.9776583909988404,-0.1544377952814102,339796928.0,578140928.0,-393793120.0,-740364480.0
0.192772552371025,0.9741179347038268,-0.1600537151098251,593454848.0,683166848.0,-147590448.0,-558778048.0
0.1987547278404235,0.9780246615409852,-0.1623733341693878,760183232.0,688079872.0,120119712.0,-295229248.0
0.1961909383535385,0.9881577491760254,-0.161274567246437,815516800.0,592215104.0,370135712.0,11603316.0
0.1979001313447952,0.9794896841049194,-0.1535831987857818,751409792.0,409490016.0,565932480.0,316769856.0
0.1970455348491668,0.9815651178359984,-0.1513856649398803,571925312.0,160433856.0,680357504.0,580687168.0
0.1949700862169265,0.9947503209114076,-0.1552923917770385,311322464.0,-106620528.0,691387008.0,752738944.0
0.1980222165584564,0.9891344308853148,-0.1522402614355087,5110879.0,-358011040.0,601041984.0,814537920.0
0.1979001313447952,0.991454005241394,-0.1491881310939788,-301900384.0,-556931136.0,422578752.0,756989184.0
0.1997314095497131,0.9918202757835388,-0.1491881310939788,-564796928.0,-674182144.0,182089024.0,588428416.0
0.1974117904901504,0.9860822558403016,-0.1457697451114654,-744874304.0,-692496000.0,-85203720.0,333576736.0
0.2036381363868713,0.9753387570381165,-0.1427176147699356,-815959168.0,-605849088.0,-345800224.0,22388292.0
0.2022951990365982,0.9656940698623656,-0.1424734443426132,-764199360.0,-431243616.0,-549145408.0,-285287872.0
0.204736903309822,0.9569039344787598,-0.138566717505455,-600326400.0,-193328864.0,-671912960.0,-551077696.0
0.2040043920278549,0.9503113031387328,-0.1362470984458923,-348444896.0,72984360.0,-696132928.0,-735921152.0
0.2079111188650131,0.9514100551605223,-0.1339274793863296,-45517440.0,328552224.0,-618231360.0,-812830272.0
0.2114515900611877,0.9527530074119568,-0.1322182863950729,263986736.0,535882336.0,-449690592.0,-770610816.0
0.2147478908300399,0.9506775736808776,-0.1392992287874221,534852096.0,664725440.0,-215167536.0,-615384256.0
0.2160908281803131,0.9509217143058776,-0.1460139155387878,730569408.0,695611008.0,57472080.0,-363334784.0
0.2123061865568161,0.9542180299758912,-0.1447930634021759,813518336.0,622653504.0,315375744.0,-62850264.0
0.2104749083518982,0.9525088667869568,-0.1405200809240341,777246016.0,458385984.0,527061184.0,246777184.0
0.2090098857879638,0.9526309370994568,-0.1428396999835968,627068800.0,226964288.0,661500864.0,520201952.0
0.2070565223693847,0.954828441143036,-0.1482114493846893,384914560.0,-37757804.0,699045696.0,717406272.0
0.2018068581819534,0.9560493230819702,-0.146746426820755,86468896.0,-296960608.0,634143296.0,809395648.0
0.2005860060453415,0.9531192779541016,-0.1521181762218475,-224602336.0,-512707584.0,476359680.0,782743680.0
0.1975338757038116,0.956537663936615,-0.1566353291273117,-508531488.0,-655710784.0,242590160.0,636797120.0
0.1961909383535385,0.9573922753334044,-0.1610303968191146,-710706048.0,-698371392.0,-21696300.0,399531008.0
0.197167620062828,0.9622756838798524,-0.1626175045967102,-808772032.0,-638827008.0,-282761280.0,103708384.0
0.1950921714305877,0.9659382104873656,-0.162495419383049,-788345088.0,-485828864.0,-502423520.0,-207302752.0
0.1930167227983474,0.969600796699524,-0.1675009131431579,-652450688.0,-261862544.0,-648555520.0,-487886656.0
0.1936271488666534,0.973629593849182,-0.1714076399803161,-421006624.0,344491.0,-699840512.0,-697063936.0
0.1891099959611892,0.9766817092895508,-0.1678671687841415,-127971520.0,262589184.0,-648685504.0,-804238080.0
0.1870345473289489,0.9844951629638672,-0.1758027076721191,191060352.0,491126368.0,-498004416.0,-791962112.0
0.1917958706617355,0.984983503818512,-0.1718959808349609,474949504.0,641643776.0,-276870368.0,-662556032.0
0.1888658255338668,0.982419729232788,-0.1721401512622833,689312000.0,698095872.0,-15077114.0,-436125312.0
0.1861799508333206,0.9814430475234984,-0.1661579757928848,802753344.0,652108096.0,249022864.0,-145777808.0
0.189598336815834,0.9799780249595642,-0.1715297251939773,798487040.0,510559904.0,476553344.0,166028464.0
0.1969234496355056,0.9703332781791688,-0.1646929532289505,677222912.0,294046816.0,634144960.0,453527552.0
0.1925283819437027,0.9720425009727478,-0.1622512489557266,450483168.0,27749460.0,699060032.0,678624640.0
0.1947259157896042,0.9731412529945374,-0.1632279306650161,161678416.0,-236552304.0,658784448.0,798014848.0
0.1959467679262161,0.971676230430603,-0.1635941863059997,-150766240.0,-466095488.0,521869984.0,800373504.0
0.193382978439331,0.9685019850730896,-0.1573678404092788,-441090496.0,-627325952.0,308320992.0,685391104.0
0.1965571939945221,0.9656940698623656,-0.1578561812639236,-666706880.0,-696534336.0,49615204.0,469895392.0
0.200952261686325,0.9647173881530762,-0.1605420559644699,-794559936.0,-663638336.0,-216326624.0,185426400.0
0.2016847729682922,0.9656940698623656,-0.1582224369049072,-805911232.0,-533406816.0,-450520864.0,-126240560.0
0.2052252441644668,0.9638627767562866,-0.1545598804950714,-695297280.0,-318983296.0,-621661568.0,-425757920.0
0.2058356702327728,0.956781804561615,-0.1552923917770385,-483819584.0,-62129544.0,-696712512.0,-655417216.0
0.2093761414289474,0.9658161401748656,-0.1565132439136505,-201285264.0,203829312.0,-669559616.0,-789017920.0
0.2098644822835922,0.9625198245048524,-0.1582224369049072,110685488.0,439875904.0,-544187072.0,-806870400.0
0.2107190787792205,0.9562934637069702,-0.1605420559644699,406444192.0,611518848.0,-338968992.0,-706306816.0
0.2104749083518982,0.9577584862709044,-0.15748992562294,642497152.0,693433280.0,-84076768.0,-502195488.0
0.2086436301469802,0.9600781202316284,-0.1541936248540878,784348224.0,673637632.0,183181920.0,-224446096.0
0.2086436301469802,0.9571480751037598,-0.1610303968191146,810289152.0,551075904.0,428845888.0,93592232.0
0.2070565223693847,0.9643511176109314,-0.1644487828016281,715251456.0,349634496.0,605266240.0,390826464.0
0.2049810737371444,0.9636185765266418,-0.1590770334005355,515325984.0,96743976.0,692888832.0,630798144.0
0.2027835398912429,0.9633744359016418,-0.158100351691246,239819408.0,-170361984.0,678828096.0,778188544.0
0.2036381363868713,0.9681357741355896,-0.1602978855371475,-70850312.0,-412399584.0,565216000.0,811393344.0
0.2035160511732101,0.9658161401748656,-0.1601758003234863,-371177632.0,-593997568.0,368619392.0,725558592.0
0.2035160511732101,0.9659382104873656,-0.1535831987857818,-621837824.0,-689465600.0,111320048.0,527716096.0
0.2046148180961609,0.9633744359016418,-0.154315710067749,-774604288.0,-680421760.0,-156611232.0,255751424.0
0.2033939659595489,0.9551947116851808,-0.1565132439136505,-813669312.0,-571551808.0,-401625632.0,-53749960.0
0.205347329378128,0.9294347167015076,-0.1458918303251266,-733427648.0,-378622240.0,-587786048.0,-355187456.0
0.1957025974988937,0.9753387570381165,-0.1378342062234878,-545580096.0,-130303832.0,-687536576.0,-604630656.0
0.2011964321136474,0.9888902306556702,-0.1555365622043609,-277535776.0,136985456.0,-686470272.0,-765433856.0
0.2076669484376907,0.9500671625137328,-0.15748992562294,31073668.0,384359744.0,-584632192.0,-813897216.0
0.1955805122852325,0.9512879848480223,-0.1500427275896072,341662272.0,579169408.0,-391628352.0,-739850240.0
0.1954584270715713,0.9781467318534852,-0.1522402614355087,594756480.0,683580928.0,-145296352.0,-557487488.0
0.1997314095497131,0.997680366039276,-0.1671346575021743,760792768.0,687912768.0,122163424.0,-293203008.0
0.1979001313447952,0.9777804613113404,-0.1596874594688415,815348608.0,591273280.0,371926848.0,13944886.0
0.1964351087808609,0.965327799320221,-0.1506531536579132,750388800.0,407995904.0,567201472.0,318841600.0
0.1903308480978012,0.9708216190338136,-0.158710777759552,575366336.0,165175584.0,679504832.0,576944832.0
0.189598336815834,0.971798300743103,-0.1545598804950714,316138624.0,-101935304.0,692233856.0,750599296.0
0.1900866776704788,0.9641069173812866,-0.1555365622043609,3239913.0,-359873728.0,600097792.0,814422848.0
0.1882553994655609,0.9676474332809448,-0.158710777759552,-303353984.0,-558599168.0,421152672.0,755973056.0
0.1919179558753967,0.9757050275802612,-0.1633500158786773,-565635968.0,-675403840.0,180470608.0,586717504.0
0.1943596601486206,0.9709436893463136,-0.1610303968191146,-745008640.0,-693178112.0,-86667040.0,331476288.0
0.1998534947633743,0.971676230430603,-0.1600537151098251,-815203776.0,-609339328.0,-341039168.0,27606230.0
0.2026614546775818,0.9726529121398926,-0.1666463166475296,-765890304.0,-436236896.0,-545365184.0,-280370688.0
0.2014406025409698,0.9705774784088136,-0.1645708680152893,-604311808.0,-199156496.0,-669756608.0,-547258176.0
0.2014406025409698,0.9706995487213136,-0.1648150384426117,-347433120.0,73737896.0,-695297280.0,-737113344.0
0.2040043920278549,0.9647173881530762,-0.1687217652797699,-44509376.0,329494208.0,-617132416.0,-813339776.0
0.2035160511732101,0.9658161401748656,-0.1712855547666549,264945136.0,536926528.0,-448495232.0,-770251584.0
0.1996093243360519,0.9671590924263,-0.1672567427158355,535491136.0,665645632.0,-214059552.0,-614219200.0
0.1968013644218444,0.9644731879234314,-0.1653033792972564,727488192.0,696757568.0,51872324.0,-368131136.0
0.2013185173273086,0.9617873430252076,-0.1688438504934311,812788224.0,625668224.0,310182272.0,-67993008.0
0.1974117904901504,0.9660602807998656,-0.1698205322027206,776590144.0,457835392.0,527388192.0,249153872.0
0.1970455348491668,0.9671590924263,-0.1638383567333221,625809408.0,225855936.0,661354496.0,522382368.0
0.1970455348491668,0.9669148921966552,-0.1611524820327758,383231936.0,-39281876.0,698274368.0,718974720.0
0.2004639208316803,0.9661824107170104,-0.1593212038278579,84427344.0,-298649056.0,632678592.0,810135872.0
0.1987547278404235,0.9678915739059448,-0.1478451937437057,-226689232.0,-514183936.0,474170688.0,782502720.0
0.2046148180961609,0.965327799320221,-0.158100351691246,-504655648.0,-654299776.0,246135120.0,639963648.0
0.2066902667284011,0.9709436893463136,-0.1676229983568191,-708559040.0,-698432384.0,-17915986.0,403406560.0
0.2102307379245758,0.973873734474182,-0.1622512489557266,-809522816.0,-637235328.0,-285412960.0,100323904.0
0.2075448632240295,0.9604443907737732,-0.1570015847682953,-787900096.0,-482872768.0,-504464768.0,-210912704.0
0.2080332040786743,0.9561713933944702,-0.1554144769906997,-650628096.0,-257660272.0,-649560448.0,-491209728.0
0.2035160511732101,0.9670369625091552,-0.1555365622043609,-417881088.0,5301305.0,-699352064.0,-699410816.0
0.2051031589508056,0.9665486216545104,-0.1526065170764923,-123908088.0,267482928.0,-646428928.0,-805078144.0
0.1997314095497131,0.9617873430252076,-0.1548040509223938,188261776.0,490577184.0,-498590048.0,-792603904.0
0.1991209834814071,0.9575143456459044,-0.1522402614355087,472664544.0,641658496.0,-277664192.0,-663842368.0
0.1979001313447952,0.9675253033638,-0.1517519205808639,691695616.0,698742208.0,-9456910.0,-431449344.0
0.1922842115163803,0.9720425009727478,-0.150531068444252,803196992.0,650881984.0,254038800.0,-140046592.0
0.1935050636529922,0.9836405515670776,-0.1678671687841415,796808768.0,507767936.0,480204416.0,172025296.0
0.1965571939945221,0.9746062755584716,-0.165059208869934,673595968.0,290059424.0,635961856.0,458920544.0
0.1966792792081833,0.9692345261573792,-0.1617629081010818,451630656.0,29826110.0,698415744.0,678437248.0
0.1948480010032653,0.9703332781791688,-0.1613966524600982,163442320.0,-234767408.0,658479808.0,798433920.0
0.2010743468999862,0.965449869632721,-0.1635941863059997,-156034928.0,-469849440.0,517507712.0,800001152.0
0.1948480010032653,0.9622756838798524,-0.1601758003234863,-445261024.0,-629910464.0,302957280.0,682710656.0
0.1985105574131012,0.9598339796066284,-0.1611524820327758,-669198784.0,-697624000.0,44024044.0,465271104.0
0.2031497955322265,0.9603223204612732,-0.166280061006546,-795033728.0,-663045312.0,-221302960.0,179551792.0
0.2019289433956146,0.960932731628418,-0.1675009131431579,-804258304.0,-531239424.0,-454217376.0,-132519152.0
0.2031497955322265,0.9573922753334044,-0.1578561812639236,-695620544.0,-321467680.0,-620492352.0,-425066272.0
0.2024172842502594,0.9641069173812866,-0.1601758003234863,-484940160.0,-64558036.0,-695792960.0,-655331200.0
0.2057135850191116,0.9658161401748656,-0.1627395898103714,-195904640.0,208160048.0,-667096128.0,-791324864.0
0.2022951990365982,0.9631302356719972,-0.1689659357070922,115957272.0,443822336.0,-540107584.0,-806709952.0
